10000
870689.75
69314.92
191508.88
773802.55
534760.73
533235.91
641796.49
389433.01
422783.31
81963.09
100092.11
257866.18
605394.63
767294.69
804065.95
648322.86
944150.14
510709.65
120621.16
763305.99
997775.93
533652.96
213260.79
152528.03
347625.14
983329.41
524228.88
504784.78
432551.89
536422.03
946722.39
546291.15
632858.64
495577.72
801961.88
572680.46
880021.88
366942.69
672012.48
765708.73
351857.57
941443.56
322279.63
746203.40
908908.26
74770.11
32910.33
813348.36
656482.65
697690.69
835335.91
865595.38
523999.47
217049.44
51710.30
941595.51
485502.25
14120.54
503537.42
843634.62
390715.97
634092.24
385774.74
10990.12
592453.79
557109.81
233230.21
357844.15
541969.92
856607.26
514929.18
141909.51
555975.93
660179.33
998207.28
781776.83
233912.71
794904.62
581996.79
569775.29
23165.34
883831.43
958391.08
477868.26
572622.07
627609.10
770840.48
961383.38
803997.88
994621.78
125504.90
394133.45
696310.17
198464.24
402308.89
398825.76
92456.35
751730.79
621235.02
709016.06
530119.55
872189.00
497562.93
36414.97
165543.38
78325.90
482499.52
182622.97
132508.69
450756.26
998510.12
967885.93
917567.38
71796.97
321362.27
339778.37
937270.07
59223.67
800038.04
883276.41
502520.16
30802.32
135661.09
420860.01
536306.79
495081.32
423982.61
91704.60
127979.75
57692.23
941822.72
379374.29
648123.94
572649.32
124949.45
881721.15
835786.27
345670.46
172662.94
884109.94
502677.92
924232.60
527488.68
608108.99
281850.44
827837.45
649319.49
698574.08
930863.42
130503.50
872488.77
307147.30
782861.92
640459.33
580049.48
239179.70
386772.25
913044.11
311372.84
429138.46
771106.81
641906.74
148642.30
481566.68
332691.22
948288.94
357753.32
496367.76
817935.00
868012.18
966148.97
199743.51
251769.51
77087.48
57644.16
209741.27
677321.49
47122.46
914333.30
539647.74
981801.07
154051.98
478583.31
638520.26
883456.51
838954.70
400638.62
150167.67
126051.03
730422.92
992945.33
566184.80
772596.68
535851.70
477685.80
27280.52
483422.03
833204.90
248348.11
601032.09
196310.45
975001.98
422883.95
350428.27
635019.36
687441.76
566189.00
329101.56
836045.29
463268.95
366763.33
557894.66
247379.00
549757.64
795833.53
528927.27
265133.58
229508.45
616415.93
989430.06
802848.76
730095.74
432615.22
835413.10
244377.60
378854.53
974190.99
514655.97
155033.06
381670.70
916894.75
372206.85
86862.98
566236.54
918389.86
991856.36
520729.10
330105.45
573617.27
471960.09
322215.20
127864.18
780624.73
147925.52
325485.74
423296.28
344935.01
430367.59
640093.82
176211.38
749269.49
890113.74
94878.03
989155.39
293102.14
381581.57
161176.61
494438.65
923943.19
444941.50
252698.41
458378.09
327000.30
66189.55
254859.27
475746.81
719660.82
654595.43
524624.10
341967.21
735889.75
495208.37
106346.91
413186.42
695450.08
189802.79
378786.91
263118.64
510053.46
142835.86
117301.78
183030.70
687518.82
215901.30
202061.33
98152.94
217707.39
667510.19
357989.49
986429.31
133828.51
117494.52
78511.99
397812.99
595459.73
364884.18
48265.70
352328.36
343187.74
219799.71
324724.07
516138.42
285939.73
791124.05
595694.17
489916.03
2738.09
15931.87
189645.83
937597.32
244005.82
930540.07
533143.67
388347.13
591703.02
880041.90
391548.79
694903.77
624258.60
370006.95
862904.47
37487.61
474342.39
519972.66
650471.86
913556.83
691854.35
900868.92
265092.31
710619.22
865875.74
324898.44
782074.17
310938.31
406391.14
713015.80
526612.52
763453.54
228345.90
66561.28
580005.74
5582.52
692366.25
549034.56
410471.90
70065.49
446077.64
331838.78
324807.43
425480.82
810693.61
667819.55
801771.17
484561.03
610663.01
573957.22
591895.75
127963.79
870025.96
696096.07
260888.60
496531.85
65351.36
232493.83
162570.72
399117.89
261798.63
400591.89
88545.61
482703.34
24495.81
389659.55
137082.76
475160.30
725932.52
712858.26
111377.20
887169.94
817578.22
799163.97
711973.15
170254.01
598290.35
306820.67
126804.92
612835.57
747298.14
740827.60
352750.46
986194.55
203059.87
67795.52
6681.09
944852.28
8900.49
695954.11
438334.45
507050.04
184216.64
638052.77
601901.31
581675.35
128714.06
11658.03
50466.15
427547.48
661144.79
511432.79
328223.28
110631.39
240160.87
767245.62
205521.23
680531.68
563099.26
390108.64
163554.36
21118.91
497990.15
191013.74
929481.81
195355.58
719541.04
102485.69
646891.81
299050.47
812847.93
806015.14
463788.00
646811.50
1829.68
270897.81
795588.17
454247.57
979212.64
738886.43
730818.74
395636.39
855166.12
35055.12
787594.91
705366.78
909500.46
758205.99
9748.00
415505.81
540745.98
850158.46
381149.93
485277.13
790248.75
904532.61
143604.87
687751.66
476836.78
719293.94
53884.05
382228.16
418883.92
970386.41
454365.64
204618.62
986033.26
386112.26
922251.84
970730.38
855228.52
512726.82
841147.80
105732.61
337061.65
549902.21
301883.96
356606.67
642833.20
750485.66
848852.80
106087.92
85127.08
296121.48
951357.90
436702.77
987359.48
184189.54
827092.72
447014.61
162355.40
552345.23
613245.17
751935.52
327716.96
636871.85
660613.80
274280.27
472354.75
680809.79
56522.42
914734.74
291114.06
712407.25
268102.43
392636.80
221441.40
186036.61
596723.17
348502.04
730422.34
412573.05
523828.64
479433.68
875911.32
716618.97
1496.22
653557.89
922683.53
88590.04
649814.39
732844.15
314396.69
740017.03
913206.35
587338.40
576032.92
396963.07
716429.16
699594.05
431399.86
337364.45
217546.53
207934.57
798107.90
254462.95
655512.73
177518.18
848862.52
976745.23
158091.58
265020.00
432581.65
202497.93
864750.20
268671.47
975142.09
52237.13
354620.14
21052.10
354975.79
629632.30
72531.09
803101.43
779341.18
423931.88
278954.82
462796.05
560853.64
226424.56
244452.05
110441.10
181753.92
427369.72
858583.76
441893.60
222435.27
960018.50
13242.11
184515.92
299294.59
864093.67
571459.15
510713.86
149612.15
45912.03
228140.04
422781.17
401973.68
448215.27
516442.35
829879.35
472907.27
123886.45
451644.83
536326.55
499161.91
809929.23
959464.90
187132.52
131569.65
78504.90
988051.18
55531.39
142156.54
25645.75
382773.72
486666.43
393315.27
30880.56
269077.91
861730.08
467764.07
969174.66
959985.19
778606.98
972300.05
656499.79
551507.31
442660.93
264671.82
821091.74
89711.00
822032.15
94789.12
719019.80
341713.32
864356.55
674707.95
607025.13
404997.51
919640.08
64473.44
798037.35
290168.85
986634.89
949934.82
654884.22
286208.14
607905.00
199680.70
340102.80
209781.06
892802.86
708774.62
273219.62
166712.73
681029.61
862329.96
636107.23
822562.42
966321.39
354999.81
615004.33
13770.07
93282.97
839598.44
489766.53
419947.79
540288.38
523094.33
582101.27
799345.23
842441.20
905099.28
87884.60
208196.82
525219.07
835756.01
187098.84
887636.27
647621.07
73394.53
52092.80
163308.55
731609.07
192717.83
343666.26
350791.07
496259.90
327765.61
579291.48
993372.53
267707.57
24384.79
952950.04
624757.70
86404.30
896805.77
577341.07
703492.79
223025.78
772185.39
132048.66
863009.80
175401.10
214809.22
137460.74
338597.14
980743.01
60158.07
401664.63
887436.89
320625.58
645359.07
804935.96
824589.73
326785.28
529424.32
616995.99
717708.73
524694.48
28782.21
853553.25
879338.54
150455.69
628733.49
163845.96
356937.97
585598.94
468931.86
888412.84
856400.88
11080.08
848575.28
177671.04
985215.18
125896.01
928890.44
508202.14
344959.02
225548.66
858594.23
54260.60
637066.83
675222.21
98138.37
904016.81
278298.39
180697.78
23350.31
156556.50
686475.59
649595.43
555843.17
835450.70
609129.40
610876.14
244413.72
193088.13
733322.98
841648.83
54856.48
238145.74
665532.59
737360.67
102704.98
17778.54
105958.20
815954.16
624608.66
251244.46
895463.40
452368.20
89414.67
99381.38
792196.43
94902.54
730197.45
969877.13
963100.47
644593.72
147679.62
485663.84
936762.33
987352.09
41071.39
229079.79
901924.27
220114.03
602051.41
41276.35
221461.30
543799.40
314683.02
766785.79
960738.98
894951.23
496107.23
561362.52
150354.09
728408.84
76075.18
86287.65
921961.92
592142.31
268086.52
511494.99
553483.75
32645.26
215146.71
425340.89
80536.01
665518.51
565959.95
269607.41
883194.51
255587.82
824342.05
573954.74
45782.25
759394.27
870858.73
983110.93
628068.32
719210.90
807456.59
274949.07
204366.39
983615.18
83898.42
832207.38
707310.47
310692.74
402915.23
509944.24
182914.51
12090.85
683821.81
109195.89
632857.35
69780.56
134366.38
865197.74
644459.46
342991.72
982310.47
587920.31
65100.53
488283.23
631067.22
765229.01
581476.82
523042.65
916097.73
558657.82
419020.00
316754.03
460686.85
749810.38
930137.19
582457.62
462593.93
498426.67
918880.29
653295.88
164760.70
446777.72
502252.78
887468.40
598877.09
219555.61
484380.99
217018.64
914290.19
471113.49
558747.91
703202.65
279736.86
693654.35
48097.91
709574.45
106027.35
231621.50
280911.09
998417.48
701305.55
933718.04
546790.51
976660.92
389698.73
41125.19
629143.24
760027.18
78852.69
310108.58
457943.59
748052.07
525488.84
174744.85
557204.23
327389.06
685442.45
858477.97
177518.96
547625.67
314402.99
900328.47
70116.54
793734.68
543950.86
797497.09
784768.37
98062.90
590841.89
757851.38
149044.98
951800.02
4971.44
766526.99
848703.84
980885.65
213547.56
500947.70
486690.22
94292.72
110764.92
608496.31
976657.74
320688.52
260928.70
210875.73
523251.43
480405.09
845867.13
711547.76
672251.79
733116.98
291301.29
616666.57
805895.57
393508.68
589263.80
303848.17
726453.58
606620.07
350464.90
816036.13
780564.91
883716.91
183280.30
22606.35
264956.30
39204.50
187107.76
10534.31
438200.23
264148.27
810110.63
126092.17
819067.82
499596.26
860774.52
428862.13
574150.23
893798.29
349497.74
810627.88
968430.99
661343.11
553681.47
784738.36
882136.31
622220.12
566607.55
139444.83
669634.90
609864.56
485753.72
67720.46
103677.13
847791.21
526727.06
542894.24
77522.19
519746.40
142842.26
662551.51
220862.28
441885.25
128694.57
276501.93
314778.67
898981.91
444672.01
361596.31
721174.97
123037.45
31660.15
945810.09
488368.44
474768.13
635942.26
700228.90
299693.60
324146.75
116347.37
730654.71
159314.28
491057.58
888153.60
592735.91
95316.16
530801.95
341266.30
297645.17
168448.35
16447.33
690202.08
110340.48
514002.48
395280.66
653408.32
756491.28
326804.75
125414.60
876492.58
815971.82
641861.61
147679.47
350379.75
323974.90
362612.76
455155.36
749518.90
388890.34
910957.19
134728.56
412304.13
388178.71
181920.31
866517.40
506971.87
839043.63
582413.69
840219.84
266396.92
318820.68
236578.24
638606.48
677814.46
469475.12
13796.74
788595.43
187726.13
322783.29
487185.28
678857.11
584351.58
799639.68
848130.70
6773.33
230640.82
19229.72
429463.29
21105.38
379271.39
94715.26
718196.64
902561.43
57087.14
708936.00
508603.29
631817.30
223244.73
531611.52
743349.82
579635.57
79581.83
35386.74
746322.60
210615.32
707830.51
384465.66
526748.30
477222.67
890828.98
326771.31
59213.97
173456.04
708065.34
289478.30
997480.38
712078.75
862952.64
595542.63
569863.43
628809.82
78867.82
215946.84
484001.94
860521.94
829578.30
707086.92
759304.81
37641.87
850435.99
697518.47
217957.31
523850.54
737656.84
394090.92
740201.37
635200.62
40718.30
414507.35
319943.00
777923.98
118396.69
706780.42
286887.20
693745.68
143412.43
989030.17
150050.57
705747.89
974393.15
897281.97
797238.72
108335.54
252936.43
294879.40
380423.09
675179.90
269307.65
976851.36
393211.27
514733.23
882763.46
610536.76
389588.09
213078.52
553803.16
546050.94
604958.01
271305.65
978674.47
956805.92
630707.59
876759.32
994824.95
844242.80
355362.94
385417.46
331037.53
862097.26
592916.71
721822.84
995501.31
388523.26
345456.66
46577.16
231963.09
74214.40
276234.98
726112.17
336643.71
933307.37
712205.33
589632.38
258642.30
210353.94
627254.59
207697.10
453040.82
723430.12
961870.91
530375.25
521418.06
59653.08
951755.71
193653.30
803275.14
152217.12
637005.03
179715.42
39374.45
639128.87
772094.56
613694.32
510073.85
727122.38
640240.77
493135.05
997155.53
865966.21
225510.33
335027.01
632614.13
573637.65
992700.21
15364.55
134223.45
183082.30
744241.70
916964.41
540703.18
708543.91
750500.38
452736.52
173618.58
888003.57
466787.02
755344.97
473994.91
25481.96
52492.91
902769.74
785012.21
55793.03
708025.15
556383.12
546764.42
152097.21
134524.21
54451.88
89097.68
528516.31
28027.84
375409.10
815310.42
754680.20
411851.29
87011.34
732336.43
682444.89
214825.59
902079.86
71403.20
365870.66
605341.23
748103.79
335455.25
894141.52
935195.20
202530.03
180263.89
327365.87
216917.78
804061.52
257712.21
375329.22
364840.18
647590.19
59412.24
182995.22
89336.30
999102.44
709607.91
479009.89
103914.86
149744.81
70068.68
414445.86
518268.17
186271.07
164232.14
994573.43
802095.29
508591.05
705854.34
300626.44
980188.42
309562.68
932216.99
535618.51
758330.36
39465.58
122531.95
280073.89
665425.96
219212.12
972607.37
155262.92
146686.27
38610.03
14608.45
579630.51
890128.88
476819.27
331670.38
823441.81
292670.71
555434.48
118736.34
642906.63
116456.98
259173.96
110042.74
132151.27
578242.99
184551.86
433676.93
944701.36
743337.44
370690.61
228390.56
602871.65
505962.15
13692.95
348131.68
442824.11
368608.52
882538.03
895059.30
615923.96
348551.88
337127.62
92263.73
584632.18
202524.51
984125.47
33377.32
312775.36
509882.91
357266.20
335186.19
806878.05
988656.83
602506.96
159582.92
136216.75
421074.54
443618.15
741620.99
57946.41
387433.06
100854.55
926441.96
61386.94
735278.15
756180.58
867860.99
888772.26
433939.16
506684.79
560355.65
965611.16
831252.57
349669.48
563837.08
430579.33
97629.39
415148.30
988293.21
205562.57
386501.00
385868.89
393156.02
885718.37
579407.62
875842.84
608423.64
991000.87
959857.55
153264.67
947322.55
437675.20
808454.92
170381.08
160655.66
955967.42
663170.18
606674.35
308251.61
55948.10
931341.89
512789.60
590376.44
44266.44
960985.10
56158.83
810103.26
436992.97
380762.98
729615.46
60161.26
127122.78
800078.04
817078.43
97118.88
479574.11
82447.13
786783.81
887460.09
43324.30
967735.71
256134.66
739590.94
783812.69
610285.11
471951.82
444544.53
297496.65
692677.63
651858.73
156852.95
424117.36
208371.01
82327.25
554387.58
403929.20
976168.18
895260.49
600205.72
131568.28
68827.29
178671.74
845337.17
885829.03
866138.70
572453.28
694957.43
836448.69
811370.29
419934.84
888330.11
223470.01
405460.45
958441.78
844230.22
179122.80
140319.42
428456.33
899552.09
686576.68
891916.77
572172.44
299057.52
280978.68
641452.96
363315.77
138753.54
429096.22
345702.97
978217.87
939363.27
689024.45
929903.99
260715.88
305705.60
343957.25
325723.10
501915.52
744506.12
720674.90
975413.12
996028.97
733773.56
290333.72
325598.74
832796.22
689469.77
854647.08
804595.19
2753.86
510203.36
431158.97
881163.43
119410.25
934784.84
645701.75
297236.61
545175.60
695981.18
576209.89
181656.38
544980.66
27440.22
367532.52
568297.35
959976.43
711849.97
810678.32
706774.65
21538.93
908636.06
530556.42
967906.82
748725.51
919541.79
948779.90
549834.98
944540.85
346715.76
450878.65
672702.66
954960.85
414666.86
186396.10
525463.20
524433.01
172167.38
867593.57
278812.75
594785.60
148860.75
792098.82
152770.41
833740.13
721589.08
989395.33
308113.32
978955.17
726038.74
158153.19
809483.26
37619.94
704433.89
584986.43
190470.21
413272.97
136950.44
620514.29
930161.07
185401.08
661084.75
259858.87
288007.14
297099.81
29520.05
818329.57
169438.07
293711.29
651698.70
247654.98
184693.76
405267.19
533865.34
210484.81
691235.50
966952.89
382667.21
687873.28
226232.62
771080.30
598278.96
185782.04
421151.83
440843.64
413736.84
775286.41
234019.20
187105.16
278454.13
695780.31
995806.76
20258.29
508672.10
807676.32
73449.27
308850.60
209416.26
539762.98
448957.74
814969.20
888121.72
688913.45
783871.79
693962.99
221605.02
428114.87
832753.32
191704.74
544821.52
540948.69
822990.68
765290.77
603602.82
18063.32
931948.31
785758.92
920688.84
412443.67
737974.89
580574.68
688460.46
533285.64
43869.16
438135.30
570109.63
947185.92
574510.42
244111.65
487861.27
295295.65
763374.68
17885.03
293640.89
825729.87
818919.24
931708.31
56161.24
347508.59
990468.56
268540.78
787786.15
618264.14
901463.54
806293.70
158344.00
543744.37
672285.28
790233.32
801175.47
548337.88
745727.96
680435.35
416882.48
99068.39
472688.37
495432.35
615548.03
860651.61
831805.72
912463.05
40631.24
248704.68
673304.12
514706.00
506830.42
201728.91
375406.43
389217.54
642219.93
644367.89
524488.07
998134.00
622891.47
503995.99
533597.04
218096.84
337106.16
989668.54
258318.25
824464.86
128485.94
795821.28
938917.29
497334.97
469068.07
33787.14
385174.77
538316.91
849888.18
8780.88
378055.00
556633.63
364774.70
975512.07
640133.48
13847.35
534516.35
555076.09
168563.74
835968.61
6946.36
256638.23
436215.21
666238.28
655703.76
705550.18
648370.85
597084.76
717316.12
129816.39
615572.05
641112.13
909567.51
875382.81
202437.44
31579.04
514286.07
243562.88
2108.99
256176.75
756187.38
139406.33
843849.97
769153.47
378076.35
945361.01
298709.76
211326.71
873029.22
963168.84
188303.28
811246.54
498610.50
464262.31
963150.87
951861.57
99853.03
538004.06
550289.26
826236.58
252199.59
169036.86
575633.28
400683.90
743604.24
666256.09
563999.15
469849.19
76060.34
271123.10
291451.95
451855.81
59553.48
351674.33
57474.68
765635.89
236349.40
613021.16
656857.74
982605.65
206180.54
850436.05
370447.93
142729.33
294116.39
984476.97
519196.59
171278.01
224226.83
997457.84
817666.56
876407.96
356373.62
325023.49
535641.96
855994.39
671720.73
690215.47
469330.71
776799.81
31044.97
134209.94
30817.51
532201.80
533783.28
758246.75
57035.69
534445.94
417462.45
326568.45
790688.61
639266.14
578494.57
936828.39
522538.45
497783.06
792333.15
324297.83
967166.01
979505.28
543394.25
837736.92
109969.38
911702.84
813184.84
643342.94
718705.14
825586.54
283274.40
340738.89
869093.96
494781.80
24361.04
66165.69
933950.56
908084.79
191296.25
137971.19
789036.20
898366.05
986246.92
576174.36
858600.24
107477.91
552512.28
544470.74
208329.94
232379.28
330814.52
757104.64
633073.72
842035.04
13225.42
279701.63
897466.33
557097.80
432437.99
12987.73
821604.91
827558.96
521298.14
15368.66
779577.39
421004.67
480659.39
937334.61
243858.73
926621.24
139261.63
639171.15
800586.48
403555.18
721533.94
565645.95
207500.41
485337.77
619818.39
550215.61
385464.66
809811.46
340787.19
436621.33
179522.58
887467.98
395382.93
492250.25
692309.47
803164.38
870023.77
194552.38
150838.06
662458.32
479067.59
977259.83
695586.76
447138.71
382769.28
300137.61
390816.45
847865.84
468722.43
823974.95
96409.74
248345.44
633186.93
844280.80
311851.20
122116.97
341373.82
797556.79
642911.25
134331.70
42449.48
897568.96
45553.99
962729.29
452648.95
627545.55
782372.35
702185.17
470633.52
606499.68
238665.31
473789.36
497918.93
809526.48
954524.45
858864.37
690775.69
972589.52
853552.92
952789.28
167063.58
775376.03
10928.90
648478.66
349252.53
987391.36
170751.62
122092.37
289958.46
174676.46
458043.15
992596.25
71184.75
369617.56
138008.93
117644.43
361635.52
212586.42
689400.97
849623.52
703006.42
41957.71
17466.16
240968.06
962607.19
173121.23
592478.48
293708.07
463030.64
304464.32
400370.26
980739.73
247854.84
585670.56
13803.64
679163.39
958777.79
765311.94
825248.81
922060.25
189469.99
602971.42
902648.66
207015.28
566748.90
459799.86
709120.24
65941.04
797541.79
245067.60
10840.67
695371.18
848398.22
424721.56
745389.33
113184.70
252677.92
34038.21
785749.21
952507.16
48790.53
281035.98
504521.83
548781.50
903540.46
239683.75
110955.39
894573.86
221445.77
935627.45
876613.42
795688.62
748867.39
488895.80
823908.34
541533.85
578285.69
764907.09
181750.83
186819.26
533694.80
729365.61
705031.77
284377.26
956635.47
945103.48
912071.87
644518.14
603030.60
997936.14
104702.49
240955.32
19832.80
32587.32
450765.27
688696.81
354039.65
362618.84
933807.95
796106.02
663756.59
240678.96
181173.36
141168.84
341581.12
52088.26
609106.28
577646.09
754618.39
531629.64
941780.10
2476.56
980155.52
85567.80
548778.47
777609.05
827510.21
576372.36
2249.19
665734.56
160474.75
720524.34
209152.23
655797.33
766379.02
793053.90
112893.63
985330.30
445916.03
823449.10
181629.95
38914.59
294560.03
967817.89
17528.52
953061.03
34112.04
404428.13
655928.27
607801.67
537220.95
894249.40
412585.15
803186.01
217347.61
927147.57
974404.06
477912.04
810360.25
74887.80
765658.66
318817.73
197506.38
877333.60
368789.10
119576.27
832325.54
125969.21
571180.39
56450.62
84757.84
746232.21
346713.24
377024.43
575541.00
334519.58
630687.77
890274.12
773138.79
787168.62
282342.84
546377.28
890163.92
283488.45
794299.84
212663.28
412109.12
94314.63
53731.11
385839.53
28234.55
176926.67
492674.57
779417.34
409256.64
130130.73
186557.27
919941.42
775407.94
852268.55
326037.04
527406.04
249639.43
165573.78
255439.15
565481.54
184468.12
642110.97
219818.45
824920.19
413244.26
695275.28
406424.06
627176.96
71556.47
613082.30
637553.97
885585.04
854618.42
217478.37
301165.53
865205.76
163876.94
653708.69
306997.22
610473.34
997224.79
828657.24
195156.96
75949.04
486170.64
703230.21
388059.48
114116.50
914861.13
168446.92
861973.38
974727.72
904314.82
684652.01
384549.29
587823.86
753195.65
207807.88
855022.47
536329.16
368082.82
758186.74
890544.84
701375.18
149874.92
863105.83
690474.85
331586.80
525373.88
486261.41
440529.29
572373.05
623072.61
195292.05
445514.97
765453.48
783765.57
237427.38
814378.54
729241.67
136446.39
921453.93
479232.88
903562.10
230403.94
121857.73
838041.71
574628.00
356245.91
851837.09
771336.72
600346.22
216681.29
976016.75
435772.84
306739.93
352692.85
236898.12
814424.90
89427.30
25543.38
387708.69
938260.07
304109.27
978430.73
246767.76
435777.62
178699.84
360540.21
248240.66
422791.52
721388.63
479755.83
291653.72
669778.79
565432.43
298376.78
721964.84
79891.10
366892.95
923686.52
232211.28
612137.67
975871.35
285835.94
667423.28
34474.17
145834.46
912296.22
735384.89
479859.90
48883.27
656508.33
404348.83
512605.27
913274.18
579549.27
801854.55
599190.13
266769.32
122084.02
641858.78
471724.96
270944.38
591391.75
21492.04
948322.98
719459.73
446162.72
109677.91
740294.59
611061.35
507213.65
784402.43
844027.17
505870.50
630389.84
595203.52
742985.16
153402.26
700021.33
697957.16
513150.31
820929.80
889061.63
963603.87
623838.96
282632.13
143828.92
15686.06
534486.97
433856.48
472158.51
100480.51
969715.78
432053.26
967187.00
269641.42
229100.13
679657.04
245768.55
72458.03
790841.14
735729.89
116481.31
528144.38
382873.73
919834.98
924243.19
797331.50
256138.68
531756.00
272711.92
536558.25
714022.23
292709.50
130784.37
546650.20
676686.93
306832.98
723271.94
799079.48
392879.36
898840.06
363025.37
371464.30
299570.45
314876.95
667056.74
525518.29
372919.34
896913.94
637897.90
608077.14
864541.77
983885.25
24739.54
769651.76
21903.67
106709.92
263272.49
419814.85
433172.59
673549.86
49288.51
116793.05
832080.60
680671.76
495742.79
204159.64
770303.47
776938.83
823231.49
252875.53
653604.77
210644.38
868512.03
517899.77
645808.34
553368.72
815152.45
392773.18
193357.05
34464.51
235320.26
421167.21
813329.30
584984.76
403250.06
30845.67
32585.62
844772.51
825868.78
166709.70
791916.07
718710.09
433354.69
627936.12
327394.28
693961.56
582469.97
511699.53
639697.68
323051.77
844371.16
164644.83
41791.74
804427.57
219692.00
861116.35
553489.84
584256.03
801866.91
288848.86
686154.74
115529.49
550391.90
760475.64
859267.23
271671.16
408552.39
854129.21
261487.15
829268.41
861757.53
397523.51
702109.63
46393.34
827514.20
589420.70
517088.67
121040.60
714378.71
722422.98
9978.51
48725.63
956631.42
669513.28
708488.78
507528.96
184468.61
190498.85
573866.52
562196.58
329931.76
955256.39
290240.03
719036.76
550659.32
104624.99
207714.94
94481.25
127388.87
121132.53
167200.16
328122.90
764326.07
35778.66
508676.20
299348.90
951836.56
178152.78
445726.96
981387.68
781420.49
333670.36
96556.66
412257.23
304951.39
219753.83
581837.78
126583.45
707495.23
602176.18
806827.87
941186.53
370335.39
328156.83
532596.13
198498.28
252169.34
269439.55
285166.40
224355.89
807796.57
980924.61
423427.25
155549.10
100884.83
598504.61
306675.55
270052.07
638046.09
296148.64
107404.29
748817.33
131632.14
302442.95
623312.16
703291.46
477685.92
602225.19
322101.47
716423.47
450178.22
47551.03
928112.46
864193.01
601246.02
569758.01
659987.55
935094.49
326160.50
505840.28
625487.04
12809.19
769875.78
12813.01
218535.57
498909.17
71597.06
176588.45
769105.56
728710.61
920786.94
819982.27
336148.65
178810.91
103250.70
565953.75
84287.29
638153.90
552927.05
19158.98
120149.60
414961.44
211915.31
836026.56
92987.92
194418.03
523070.43
654013.54
430120.23
34166.72
495389.80
261516.92
322922.17
94993.31
269774.53
467105.22
527550.26
463497.11
327502.12
788774.26
496980.33
667016.30
372169.02
467141.56
175424.48
156268.97
759107.51
961392.59
820026.90
541070.57
390442.39
854352.48
296559.85
277025.80
74879.30
657805.78
399742.94
828594.76
773784.18
319565.22
436981.03
10044.89
9018.83
369331.35
181733.22
410015.69
442843.87
148365.34
783689.70
356020.81
861480.55
192843.68
976333.75
816087.64
769555.88
121878.57
997114.11
332595.82
742956.44
480311.71
476141.52
400777.92
317727.48
781336.86
783440.77
82846.39
714138.16
178663.95
533673.26
468010.94
717275.41
113874.20
365230.63
311796.64
365906.08
495828.16
458546.93
11318.32
147445.27
904821.62
380826.10
844928.07
53014.67
933891.19
688696.51
815582.51
201280.55
334744.65
715136.58
7574.75
817421.38
458298.63
981440.01
838127.55
430973.31
83425.44
848924.53
135593.56
403863.66
976520.79
667812.76
693333.66
618618.76
679074.56
984328.31
588338.57
425203.77
456076.01
281580.56
700584.28
329821.15
572469.74
566294.73
250831.57
141745.04
128971.02
639772.29
393309.55
773583.53
205171.91
413097.06
454941.00
643683.41
392630.70
581493.44
341159.68
235989.98
550485.46
762684.16
988483.34
647911.53
641731.73
447592.57
762077.42
152863.70
102542.16
580914.87
569112.54
839418.82
279798.65
44848.94
602246.79
447749.69
117321.69
287782.13
875234.92
91737.77
369582.36
110039.93
440384.86
203377.07
704077.87
18360.42
63691.39
510915.98
310119.19
909793.26
939113.00
95358.35
281809.37
367475.31
535198.62
783104.58
704861.66
15599.03
454877.21
246732.60
183276.55
3911.89
684499.83
5778.43
575325.61
587443.35
146125.40
502435.33
581176.31
52112.13
641854.41
640602.07
935443.72
736973.91
131945.89
634646.39
904167.82
529649.10
326132.21
127721.05
63325.99
823669.09
706202.14
744768.91
587038.50
201122.77
369093.41
112757.34
52895.23
945692.39
626396.16
425245.70
644326.95
779264.71
424026.87
687317.93
740745.13
877016.98
621146.51
85533.70
809633.34
675618.98
147201.38
793830.16
321569.52
540729.49
544267.13
202408.71
115074.02
328458.65
719506.82
11651.75
925831.70
793012.99
102462.92
468535.03
556416.67
543031.95
820895.63
123907.03
945710.23
313524.11
743050.36
567500.77
548877.04
465920.08
590610.02
185232.08
547236.43
46635.37
609456.48
487040.02
325036.74
890726.93
503126.58
602683.28
725103.92
856197.96
613755.33
735912.48
231119.26
170889.40
744196.51
917794.99
477838.58
89963.47
210293.47
318983.91
606431.69
248381.70
389126.83
624459.13
541090.21
27696.11
863170.70
564633.15
352965.12
917224.11
596953.55
190413.78
929882.54
285529.23
248298.02
723500.27
210777.95
381097.22
596504.69
358190.73
726300.32
721608.30
833946.67
484995.31
307308.63
754457.72
324375.09
519750.25
669517.02
440169.73
785322.55
664513.06
186865.73
970393.59
503676.94
77015.06
7191.19
773459.74
721245.68
465673.36
522475.23
819031.82
219831.70
114375.63
928607.10
98940.51
260941.46
15378.56
201732.42
122449.04
503575.02
360224.39
790506.02
264309.13
394715.51
489073.94
228612.97
324286.51
507055.23
803843.31
876331.75
421317.68
954402.45
743170.19
753067.08
554478.41
383470.57
822651.18
677242.33
145633.11
825057.58
746033.96
325930.04
18409.63
308666.73
483003.57
986108.58
857833.80
243998.63
872348.28
19730.23
410612.40
684976.04
772742.18
805979.11
439488.36
423646.14
546677.66
735523.55
72264.72
550852.63
994641.72
686548.03
79933.58
635675.04
739171.69
373347.31
100113.95
61509.28
303606.07
165765.81
144395.22
344032.29
99514.49
826297.25
269445.11
706318.21
513290.37
204525.70
590330.37
302018.19
24927.55
416921.62
92084.59
680150.52
114445.68
628854.07
602385.99
551224.09
34926.87
673526.15
489159.53
989360.03
926084.57
425386.78
911165.79
433677.89
98685.79
938131.58
458130.54
300814.83
385981.72
618978.24
916753.72
638617.95
155855.86
136670.34
712703.10
206745.28
539682.73
126609.47
501153.51
167817.61
533.88
733564.86
243776.22
557199.86
201159.25
921312.92
400583.34
521283.00
465877.45
308416.09
659498.34
954241.07
341588.53
343428.56
260848.93
859163.65
186234.89
364400.56
642246.01
765782.17
113808.62
838221.44
341507.22
569403.98
15764.15
698483.65
25.85
737928.70
378616.99
217989.88
323243.80
421280.94
605173.12
956053.80
203606.15
783774.57
979680.62
840572.97
819306.63
453995.47
769036.96
334198.98
194428.56
90986.28
921373.63
70856.56
78490.87
211354.64
790802.41
916539.29
703575.56
693639.75
651223.24
975240.52
827375.05
372751.19
595447.41
572422.37
97916.22
462201.55
579113.53
661811.69
198921.84
57540.03
186298.48
887851.02
537167.55
574272.10
185700.06
124485.48
936628.99
71641.36
459870.69
140685.65
689002.42
758893.04
550830.40
487122.41
615556.04
145856.68
687518.31
72130.29
506069.26
719564.65
126873.68
367537.33
85205.61
139654.68
598794.63
343786.83
199877.16
814791.07
748625.02
529082.82
46877.97
303480.29
846410.41
385844.09
116196.02
381644.85
598247.87
159889.92
929066.70
654088.96
566083.42
365792.59
605193.97
777430.48
196357.44
912888.41
332520.46
445695.05
964479.21
679906.54
732907.23
790324.50
557680.86
223455.51
86670.28
30106.58
852216.33
512032.75
345412.35
731622.24
68975.70
19998.11
790728.85
369806.86
980203.24
854947.51
128948.10
795391.92
701050.87
911249.21
280379.57
14866.11
437654.26
441542.05
824397.64
530183.87
111910.75
980449.24
274271.61
32929.93
800323.86
12610.70
85490.27
836150.31
102256.71
958246.74
363960.06
101176.91
18466.55
520429.19
865770.88
840282.23
481752.48
397969.34
609552.33
643608.65
687547.71
232761.71
791286.57
840881.15
253625.39
599656.91
310389.70
547435.90
820145.85
440192.30
603992.17
801471.28
716925.59
241269.31
280640.56
720450.18
805601.26
989985.56
330567.57
164728.21
90192.01
811777.12
134568.20
225156.75
251798.79
813787.95
679153.15
86158.42
980078.79
123373.31
622866.95
414885.10
494584.92
579088.75
128730.32
4997.01
666689.67
356970.98
431752.98
127244.00
172302.13
27784.26
874326.98
87907.64
760106.61
433328.24
296354.51
149227.21
526790.07
846510.81
725278.97
454586.56
676369.33
710809.14
351106.55
878454.44
606902.36
83020.83
467995.01
174515.45
647027.05
498063.47
582174.60
404440.95
853814.62
571263.48
855209.96
674464.45
785215.01
789647.18
663203.72
437561.42
838576.98
636390.09
414854.90
769265.00
685682.56
405257.97
457213.32
699606.77
304213.47
571061.76
739776.35
17337.03
515104.77
983344.01
501921.70
117262.63
985366.97
601300.89
847465.93
740080.95
362250.20
614020.58
558230.01
362999.52
346777.57
587011.04
354140.04
54322.33
102312.06
630809.64
753641.10
833195.86
342854.31
22921.35
258438.79
536847.58
549052.54
136665.21
97610.52
862258.00
140209.83
638593.52
788624.28
566046.74
868135.82
28931.46
261239.03
408446.83
152215.62
797405.07
784066.90
368165.62
462761.64
43445.55
349469.87
25945.88
919240.02
935800.16
863886.93
523405.01
861816.86
298377.02
213129.74
816475.43
776036.85
561697.52
757417.28
401364.20
255677.49
959861.36
982764.77
687974.25
569231.02
655440.18
168926.27
217154.94
252803.72
889878.56
66460.45
796725.59
601994.95
128486.67
833569.78
981669.22
261583.79
458632.05
327397.81
372865.20
884652.40
466726.00
408725.52
460175.70
125426.20
143224.37
452364.54
161943.42
471203.21
464424.58
967633.52
739078.84
3085.43
584029.36
69293.59
675999.11
340454.12
170400.89
205725.48
320891.78
537435.76
903738.36
279275.86
500643.73
479871.88
967643.12
325323.30
18514.28
303120.98
350809.67
102228.92
62709.56
850663.01
691864.64
330710.54
906471.64
802209.84
129593.40
199075.62
314973.82
882846.64
744812.98
959738.65
239051.33
490416.79
374245.53
942981.06
613286.06
957945.58
989960.64
105809.54
372002.87
49643.79
526689.90
180421.46
283459.05
280925.96
127539.72
65172.98
593215.30
993350.67
764147.12
381804.24
237044.99
296064.87
545506.16
99434.35
928044.95
47217.34
857943.98
405875.85
77474.50
538713.78
230979.51
448163.34
761517.80
725324.18
145329.88
667323.29
813241.57
286136.28
897020.77
691828.61
423775.57
713588.86
177556.45
714920.14
99811.83
587473.16
300637.46
651847.49
138189.84
530645.36
35001.83
546219.98
884236.36
623512.58
535358.80
294303.13
125403.03
4938.48
984121.39
951375.83
324713.81
290814.80
860505.43
982639.00
881042.32
482554.10
946031.32
663566.46
135916.64
893000.76
170050.05
35618.53
596359.92
409018.85
319111.24
604626.92
398244.86
4561.21
593493.33
945038.12
281164.14
467261.70
656400.23
280883.51
917035.96
266185.24
634330.18
218614.63
841457.75
763122.58
239233.99
833718.88
744388.51
25166.52
840980.14
926152.05
816268.79
407549.21
993181.24
928287.14
992594.89
143125.27
624209.76
922652.10
324645.80
487650.48
817289.62
119697.93
20231.00
879743.09
188902.70
919839.85
928513.46
145041.71
525700.47
322771.80
988204.97
522624.72
444135.92
182887.17
875191.03
661629.27
293863.63
947362.47
917825.36
646939.80
255998.83
181768.97
738528.04
895094.59
851896.68
126968.99
495005.47
339023.57
677825.16
681156.19
586580.12
663751.73
997909.83
287839.58
323565.92
919740.61
1722.38
648107.03
991624.54
538764.15
875590.01
112710.34
607364.83
212609.61
775731.74
954610.17
643464.93
207718.11
671870.29
637251.95
518356.81
152356.95
537146.91
82353.37
444694.42
870239.41
226147.85
592847.61
511781.62
671389.14
305202.66
443885.62
636916.46
684938.08
572022.02
925028.52
302971.22
765678.12
210968.95
325893.19
954920.30
379195.87
557000.61
496850.32
181004.24
248256.38
407774.05
583478.79
997481.94
529951.45
576767.54
39192.75
728523.36
775802.09
227172.59
325308.43
994395.81
757445.42
620222.17
208923.36
196292.34
184190.35
530144.30
717957.20
85889.37
862838.02
986079.47
183989.98
550821.13
215271.25
464856.95
92345.82
876231.71
645226.28
603186.45
808594.87
794138.91
361790.82
518229.20
763664.96
196099.70
445604.40
743577.21
174386.21
166912.62
274072.54
610850.82
451070.14
410467.98
84440.30
661894.00
893171.63
815325.54
91150.26
656956.59
294280.60
855010.90
202857.16
928432.28
431960.94
6193.65
602545.88
428606.56
660923.33
611799.02
718704.69
968887.67
273377.71
685993.50
825364.36
706722.98
291891.46
516280.66
184353.09
747378.01
291820.58
842672.98
120796.92
987329.72
832787.93
931766.62
579848.29
792001.30
207128.88
984442.56
799982.83
451010.92
264535.26
144482.19
255323.57
127991.10
45706.63
61588.50
989948.13
184868.96
997049.70
570425.10
709216.27
661421.43
723056.06
149783.85
798547.84
753994.05
667099.41
417081.82
273041.34
454840.65
539702.61
124875.88
656855.35
382197.43
626161.33
591982.19
869255.05
782922.10
514905.77
93719.26
247852.18
1987.31
952607.49
286532.57
118643.24
642541.45
142349.02
431342.87
509832.86
835332.62
338670.42
361714.96
382345.02
5101.05
131969.68
403998.31
142575.20
582825.10
921669.74
909254.48
854079.38
220810.86
699953.00
299061.15
722095.15
151379.20
786680.77
412911.94
44456.18
558040.86
53588.58
404297.44
833831.09
708055.78
726702.92
196689.64
317335.10
417784.15
957654.32
42511.83
482562.32
504676.20
871443.92
546554.62
17821.24
899664.15
279806.16
255619.86
263123.87
772411.60
557899.37
584028.98
659130.62
307629.67
499132.59
482731.59
403657.84
70907.22
291684.58
847702.33
241075.05
853081.79
472222.02
350247.93
34716.79
151797.77
651423.97
325913.57
516943.55
98198.37
644076.69
176153.78
170921.45
780816.81
613263.42
966793.29
825613.49
570987.01
870017.99
411049.60
693329.70
208935.58
852059.75
339206.70
824728.12
576073.42
93802.41
657099.68
742962.79
955110.62
755082.34
209041.28
246796.63
170992.37
143095.64
963148.18
619154.88
848147.91
97366.96
114319.24
778562.64
382869.41
561370.13
644257.00
119297.04
907610.08
459776.46
262854.87
287029.66
500674.32
933300.16
981583.95
875498.25
916950.22
675893.01
782004.20
28512.58
584679.00
644817.64
931302.81
927278.44
663890.07
302787.91
118873.29
713087.42
161823.41
264238.24
910339.00
554620.96
738906.02
872874.25
951984.75
249807.99
416020.03
577662.47
323648.29
739917.61
250862.51
265299.92
800028.25
543829.94
130246.95
661999.70
162491.71
577611.59
24849.92
262970.62
520855.81
708721.61
395584.62
921078.85
259802.06
424164.13
801032.06
757437.03
545506.02
103210.32
624673.57
326188.22
968065.30
496701.84
196393.52
685356.80
641736.90
505979.27
593400.81
340097.69
571134.58
957338.77
262186.84
2882.69
139651.89
887529.30
775301.68
433091.27
541543.28
216360.36
331137.41
380549.40
897939.23
227071.50
653222.06
213120.72
231474.60
344257.81
795650.67
232996.83
55133.39
770486.33
284297.30
588477.02
487241.59
881220.27
625425.25
312060.36
771120.04
405086.37
874993.22
688955.15
706391.81
666617.77
981484.83
102157.26
568682.23
774494.79
252483.62
787751.69
871736.83
235730.84
350826.78
948681.82
905000.74
895656.21
445347.48
359955.75
591234.76
649208.84
224603.76
84579.37
781263.03
396994.54
191483.89
91673.79
197127.88
618939.63
903405.67
271010.75
399989.40
559532.07
962355.88
579784.42
598418.08
759364.73
12504.81
184551.39
9066.15
606648.58
985880.77
239797.09
478846.43
467167.45
961323.41
834443.36
84762.69
994391.40
933181.71
136566.53
834550.92
425546.82
53307.57
265594.96
484720.63
178187.13
974729.68
794851.33
969289.83
896558.89
598963.47
599640.51
711417.38
323829.91
28340.94
809802.25
768857.80
793325.14
858153.15
665217.17
731286.30
136844.20
542408.56
252695.98
403456.07
657007.29
19384.09
758153.87
257009.44
356612.12
572615.87
885356.29
384289.03
630396.83
245132.14
245686.79
55059.56
995904.74
876827.71
390761.84
499250.05
163133.08
824563.34
973658.98
424274.33
931798.39
506599.53
106917.25
421007.38
488187.01
228547.93
883285.24
689393.19
403653.54
441877.85
868414.95
485912.62
219588.79
248391.29
766789.50
891450.11
600771.72
261282.44
251952.98
7379.39
972983.34
57167.02
13988.16
190425.55
373370.89
610231.74
229196.62
265235.05
422981.34
574317.57
500240.70
987904.37
299399.46
791423.05
285932.16
284531.87
170785.70
251907.85
788133.65
849518.54
287049.35
449236.54
852583.80
160230.29
610305.55
648559.14
31237.62
959141.61
836324.82
870903.74
685127.83
970711.61
147201.25
520739.00
831642.37
390916.55
985624.94
829194.18
128488.35
634093.20
311633.41
908976.11
908921.07
747548.40
235424.78
2341.05
570595.63
261332.30
606464.80
554343.12
514654.05
802895.79
468849.07
524482.00
972327.13
610596.90
264334.84
575005.13
707385.01
505893.85
221128.44
61227.07
144759.01
419774.65
901560.77
485568.62
676580.45
893882.54
67131.93
243917.06
190282.43
500305.82
565754.32
508732.60
708034.63
480265.82
777952.96
69728.78
918381.53
220332.87
207823.03
323574.73
66043.73
303149.03
183469.87
504108.75
504436.48
310968.95
272249.21
324035.49
675255.57
34442.05
101404.46
956705.15
586298.74
91956.62
798752.03
719518.15
91017.27
847855.72
224221.41
192125.93
464072.93
157654.49
794748.54
318881.49
432409.68
205537.95
315899.76
320816.71
263290.59
590397.26
806481.71
904836.80
70686.99
933178.05
412763.17
327932.86
334745.09
122583.18
475497.88
99147.75
991916.87
230828.69
806275.41
450832.66
283823.75
254190.34
280048.65
328267.77
653108.24
489891.25
824379.41
997876.35
507704.72
947205.28
569081.36
418680.50
353437.32
576724.45
102648.43
327732.08
741980.46
495919.51
519296.59
621046.89
624868.67
829572.46
942237.86
28284.70
931523.21
758934.05
797581.02
264784.17
950809.07
260949.25
743528.02
46226.48
425008.22
539126.05
723788.66
233941.68
636123.27
499271.00
103041.45
795619.13
364103.09
553180.29
217901.96
554848.73
180500.63
115732.26
89666.22
613782.55
742105.93
381477.00
911159.23
529896.17
989751.39
251427.29
827431.98
576286.49
382217.37
235429.06
656481.75
582389.60
955750.24
417064.16
572639.84
407437.24
542481.54
426010.36
836915.38
270940.32
404240.42
304941.56
102903.88
716951.39
947236.33
865209.67
366423.75
749592.22
219215.03
749948.92
568969.05
269079.72
43037.16
580550.71
863843.11
674284.63
604246.48
581654.03
126541.70
866991.22
503044.71
133210.72
459388.97
780351.82
323617.33
952215.33
587416.41
802953.17
229566.58
817422.18
660731.98
58441.14
774538.49
394037.52
905902.18
244849.29
587727.95
610041.45
885687.95
731918.67
834287.09
422869.77
238290.80
563256.26
202783.57
596121.66
687208.61
960842.33
689079.51
65300.08
139501.64
821005.04
104739.27
58920.60
547241.89
791386.64
901145.69
670588.93
676648.52
340795.73
394970.94
314309.15
39411.78
453485.31
659606.27
708420.15
489244.67
870455.71
604685.28
466783.06
32005.17
427235.64
778284.81
539520.60
589454.79
153011.20
371922.97
247050.20
832207.68
321742.91
445424.57
27408.71
552597.70
677766.51
634134.63
632557.76
394761.53
672537.86
234454.04
127411.68
898694.15
397769.89
349474.57
654099.44
368919.60
419817.93
199150.08
797065.47
576906.84
841462.56
660114.36
384457.67
118751.79
352402.09
57715.45
480192.68
89445.56
762885.49
401978.69
41472.49
72708.80
695513.21
155650.40
135928.68
723357.07
290626.58
690178.35
857907.65
21877.78
160937.45
56419.42
111381.71
469386.11
828386.63
270484.35
234448.31
381710.42
168414.22
923671.33
609192.99
902371.45
1608.00
477712.36
559859.93
258930.57
179461.48
909771.38
697411.82
220364.01
975974.73
328325.08
837601.54
987275.93
132696.99
401205.07
249420.76
844648.62
580698.98
935596.71
263193.87
300038.20
351682.08
935309.50
463993.45
816555.23
519167.60
969546.09
42642.23
63609.50
186915.64
310467.95
189787.52
835256.53
27923.95
617821.59
327446.91
112140.67
29092.57
891918.11
22603.26
790704.51
423030.37
773814.65
415169.85
491564.59
911085.61
694561.55
877796.03
343195.13
778206.44
573523.80
75868.22
116457.54
289185.84
856508.19
118731.25
790233.81
737094.79
622854.08
355141.33
61491.54
332000.93
455811.11
812984.06
794569.74
470849.93
646233.85
622336.86
498801.61
900042.01
500950.54
988323.77
788081.29
501266.97
725229.48
854991.43
982989.25
592011.56
129748.09
416063.35
390638.65
537456.26
631789.67
434083.53
689547.52
853280.60
280364.99
973478.73
713987.64
320517.18
17941.46
722335.97
623186.00
693479.00
720131.77
580347.51
950301.23
550566.33
81444.97
608435.94
481845.10
182899.47
424394.57
187119.06
453546.46
742454.02
750314.34
786040.30
165250.10
298836.49
775811.64
834687.13
799560.19
122991.45
292683.81
87284.11
548836.39
641698.95
478923.78
730336.77
955724.02
443148.51
608537.39
70128.42
829372.05
228204.66
435565.80
627331.62
423097.36
812903.25
767700.37
232598.35
558921.97
685101.62
201266.96
456803.44
649051.72
236252.36
46375.53
449825.99
315090.64
839025.32
324779.54
975512.23
350295.47
610320.17
620497.43
581308.10
664848.58
654179.95
842399.19
195737.17
696309.92
37976.05
237322.18
507183.53
468818.26
740637.21
174003.93
667341.68
197671.48
197677.68
428156.71
742623.87
995536.42
762218.15
474322.95
502035.47
701909.81
853282.67
991181.21
320350.76
672271.07
374463.21
208510.99
661127.22
422865.27
647643.33
183720.58
550312.22
540698.64
491976.49
38727.30
673861.40
271412.48
20880.20
895259.46
818447.06
616005.24
506583.72
435498.56
170933.03
440947.61
442223.33
635303.67
329903.34
85946.00
19830.87
642994.77
984986.35
280721.05
398188.39
471351.75
748832.81
223343.34
583756.05
594740.37
532340.97
264934.56
523247.87
96246.03
352658.07
515480.51
823637.85
337875.36
614779.72
261478.72
617405.01
853033.72
640621.18
276009.55
569127.03
234269.22
451394.25
640278.58
550364.05
891676.36
326585.72
916207.70
299117.78
741572.27
202828.55
642625.01
781120.73
324724.83
915307.87
409963.78
504902.30
534542.82
523694.72
135239.26
855289.86
885066.52
916707.98
76564.38
42115.67
397122.37
739497.74
417265.56
336782.95
139591.08
218920.87
753487.46
633341.63
902794.48
430679.88
526891.89
373504.97
561685.32
420964.97
258387.68
710593.13
494535.84
544607.30
788939.62
636454.52
638006.39
552387.20
419478.11
509048.09
648631.52
169146.10
86622.72
832004.19
881596.31
79881.30
205875.63
155423.29
875826.82
391815.62
381789.86
120544.74
227123.84
555148.94
657926.73
442840.16
214550.74
310008.17
74873.17
729175.48
980554.55
25303.23
310166.54
897492.40
280498.47
346333.03
833597.05
527712.68
796384.36
334892.85
788660.16
274422.53
607161.92
358107.11
119480.50
640511.40
191232.29
644329.47
12721.42
67921.14
36938.95
280613.66
586521.40
283462.50
59022.77
65235.48
153229.00
968096.54
816579.88
318225.46
990623.04
26131.36
653408.40
858039.74
71234.66
177201.86
9496.96
936045.75
179907.61
739841.08
493129.54
602219.53
791332.00
722458.97
596026.37
13220.72
859634.54
188430.33
668397.78
850325.22
988927.53
105782.63
649127.67
568299.75
579523.05
845622.67
324430.85
515516.80
19974.73
173622.31
364601.59
724773.16
27228.26
258975.09
463875.80
707745.29
495424.96
987441.85
681061.02
862353.99
316641.80
19315.81
865899.67
265174.57
6079.56
158168.42
195171.76
668347.73
888401.97
801223.41
873704.89
707620.15
622453.90
96560.31
243334.95
571551.12
784338.67
525545.91
924530.04
777220.09
796304.10
414629.66
14956.71
918942.37
129754.65
392873.21
63407.80
39941.96
168868.45
657132.60
186081.84
770900.28
140873.28
644267.28
267144.02
944793.55
352381.91
703632.25
89573.72
243501.31
810490.86
550871.15
856785.06
897482.50
24572.30
342835.85
484821.73
690700.56
632641.54
165691.72
403083.30
61601.37
385218.46
564716.49
300684.79
925177.17
891856.22
559993.54
411422.98
102626.21
783125.81
694393.88
364650.46
344145.92
902703.02
309856.47
214078.55
353238.05
131693.88
274534.07
526454.15
935124.15
866202.64
728462.02
401864.78
266776.20
989146.43
732333.33
582732.38
690270.94
586477.48
709210.88
769512.40
67274.78
194348.77
901232.40
330497.53
538378.92
963823.37
757650.11
365102.26
637078.32
235469.96
859231.06
716681.97
344568.84
569200.71
563383.39
600890.95
856412.88
888447.38
69454.17
223965.66
345667.65
404193.00
469659.02
419574.42
550958.79
429985.63
513446.03
133559.57
934601.23
24374.27
727167.76
415762.43
980989.33
621895.45
510629.99
784640.53
867619.96
460842.69
932719.97
134290.25
932743.59
621240.63
862630.73
848910.27
672103.97
274668.66
394573.38
953702.58
979805.68
143190.69
401510.72
787669.79
370378.27
476356.34
956712.12
856690.08
890060.50
436360.48
675174.37
287994.16
505572.96
89991.77
969094.31
74562.44
411045.30
172127.71
874615.77
511592.00
833204.08
988889.70
746100.87
721573.21
900037.35
925747.65
624858.26
511790.43
917537.69
203053.58
258274.40
684313.55
171137.23
834688.22
614184.78
483477.48
512310.17
856706.12
636373.92
176949.53
431017.77
477655.66
959799.65
422230.12
472983.93
49632.98
347902.98
369489.06
298874.49
583729.80
433338.01
357906.91
241642.47
642433.21
213025.63
197446.50
493168.50
975953.09
251221.68
888668.37
705721.23
200437.42
155973.67
961851.66
829985.39
339972.50
585106.60
302366.84
343193.32
463772.48
855042.32
864205.33
905628.14
753524.73
367581.44
313868.20
664183.82
758855.58
870201.26
140948.15
496335.57
563347.45
545590.15
941493.32
347315.32
793762.98
44742.89
725028.77
139474.10
9509.84
334509.56
43845.59
291021.04
740892.25
582418.50
185844.46
88327.58
188784.46
290571.59
731873.59
622608.01
729885.21
604361.33
704731.62
339205.26
321196.44
887017.45
570076.83
915859.31
554503.84
968383.33
310298.85
328921.17
227559.40
695046.69
118205.92
700437.80
416745.40
613692.96
935228.45
431471.99
400356.43
485181.26
949500.08
21281.90
50205.80
480730.87
645735.55
22497.77
5673.46
989166.82
635219.11
427442.29
532298.75
186739.26
212468.46
613129.84
410326.91
922370.05
811631.82
596668.57
872924.00
39173.41
812524.05
239676.28
259820.69
675241.13
315570.91
27988.41
993336.99
196635.55
755568.80
994008.95
725181.96
174100.21
757400.00
131757.39
660861.42
652855.06
924212.16
579346.62
200111.91
411040.89
552270.69
115227.10
963169.88
797236.64
397134.16
289564.90
677012.53
732548.95
828603.96
96186.96
609622.82
712751.72
251258.01
739224.21
411246.93
835271.60
707475.54
173657.99
508173.02
490618.33
798703.66
949380.72
356323.23
20864.22
826269.63
564325.74
748454.07
751748.46
675977.67
862696.43
474587.84
227931.06
83610.47
704625.13
99128.54
454092.65
863181.27
268604.49
677661.63
659298.13
289046.27
79556.29
684961.69
951775.14
110781.07
799272.94
671793.69
304953.22
645103.80
335371.43
577177.70
758834.60
703712.83
483553.35
649655.92
680140.39
645432.37
60856.45
124525.04
950087.84
88213.33
653178.21
526694.10
898398.76
764247.96
862164.56
811494.76
292953.15
32560.29
659115.45
151542.06
632695.75
520463.96
192801.19
800551.29
36095.74
200579.06
255825.10
990879.93
202719.59
573563.55
308470.78
450660.18
809875.56
868982.99
455735.17
911557.13
894008.73
285873.68
72705.77
87877.21
198231.69
549659.90
285409.21
186402.33
890353.99
602760.76
340638.82
967757.42
57516.11
167803.61
418535.30
508681.57
500388.69
691039.44
763921.87
92444.72
171832.24
577455.65
674860.59
938695.58
199450.54
524886.83
985226.91
823854.75
780.57
696705.60
797227.44
300289.85
951133.43
684574.33
249396.41
356674.42
834698.28
210756.73
91780.18
252731.87
248566.62
960337.82
577226.96
122612.53
334803.60
698899.98
527217.01
818292.64
970699.81
959414.06
891270.73
245660.69
67015.70
36685.65
480548.14
934873.73
353079.48
759923.88
92635.02
604353.36
466050.39
405057.39
984316.22
886196.13
845501.91
995811.34
33083.08
29487.82
29450.01
261564.91
716548.57
900358.43
896980.19
65610.90
842585.96
908319.94
877047.50
334285.11
829810.29
241839.69
117126.31
268701.71
951420.92
470236.78
373104.43
865231.14
677780.98
610985.91
766858.32
318930.19
885590.49
934465.58
461713.07
68852.67
648709.85
603445.93
565798.85
743501.29
918568.22
487740.47
862232.83
991337.51
882732.31
138298.43
434197.42
97816.73
529049.94
122083.36
36252.10
364631.14
452682.55
232441.18
339766.71
182008.62
83643.21
877142.14
909509.89
551053.27
581222.91
405746.20
779278.47
66593.02
949103.07
59070.44
165903.11
849744.18
699548.25
463775.81
749137.12
777512.56
405597.48
545714.19
476721.98
505689.20
178484.03
374544.74
669701.08
246654.28
710270.40
520552.02
815515.61
353197.06
330548.51
619011.84
458617.25
144228.41
266595.07
775110.75
90264.73
47207.98
553271.89
432280.15
851790.89
215283.35
580135.86
685253.50
906723.24
224888.66
411384.82
516973.62
97061.11
440464.58
69802.40
895831.75
788748.72
360859.54
433929.93
797380.79
411589.78
405927.44
336520.33
353175.80
445168.51
406374.76
66231.30
231453.33
556377.74
116292.39
487478.13
75773.62
398445.76
259080.54
49194.79
662802.16
594802.54
433672.94
661587.01
574370.52
983131.64
619025.20
798507.49
29794.10
924701.99
892925.70
465959.38
852360.97
966592.42
71774.08
45902.49
356548.44
344698.27
86128.01
196168.53
237207.53
680951.63
432334.76
517758.94
307593.78
839424.47
207216.31
482758.31
892632.62
527719.55
503223.32
514387.09
919440.65
83061.93
63795.90
150862.86
905428.01
147885.88
839938.96
795631.69
122933.52
715653.94
745903.85
160020.25
143665.01
118287.08
407198.42
204233.96
959102.37
923846.30
120877.80
500187.92
875801.25
742391.42
18980.30
903006.88
394523.25
715661.18
441671.15
837455.78
752627.45
151889.57
798402.34
626686.34
40884.23
210858.38
819031.97
516098.37
325285.26
752535.93
945645.06
135516.96
857532.39
811447.67
974522.38
716374.93
991173.30
819775.93
44935.59
361983.78
526018.10
10803.02
783216.20
64879.86
876123.73
569955.79
41151.88
706794.72
361640.47
76317.54
576240.29
692021.07
165582.04
133621.65
887257.68
864718.47
857228.10
324553.90
586653.50
706285.83
336377.52
444163.97
924978.48
116184.59
48879.09
939024.44
396123.05
552497.59
176443.48
795292.88
974734.69
909329.68
772619.43
128652.80
857646.26
628687.28
499055.42
673809.20
530037.38
601281.07
346833.94
956626.35
553005.88
28075.07
53489.52
742207.08
66747.31
103031.61
102055.57
365056.05
654845.39
931752.99
136841.35
842361.37
180665.98
154068.74
18770.32
613825.24
419607.67
569025.78
891137.02
535727.23
462483.78
152496.06
542591.05
30953.32
86941.15
216692.93
339094.88
260570.80
919029.42
468524.34
28643.51
570172.02
188553.97
428449.97
809186.83
187194.08
762515.60
297090.96
619108.91
914915.19
157568.38
75029.76
296563.07
960695.76
302775.36
185782.45
593157.79
523014.91
82288.04
510898.89
353493.63
381817.20
546208.07
228515.62
208981.55
49283.92
408702.07
844620.36
880149.05
144706.98
161278.45
810713.36
350647.85
219952.48
956029.51
595550.35
550812.09
394437.09
674697.16
408853.16
782021.89
546003.45
622289.38
131031.24
151231.42
272399.66
469763.34
203442.16
236496.81
481386.24
200665.81
221301.12
607219.01
753191.91
446460.50
378332.87
52196.55
838829.74
229246.47
487712.62
549524.62
67877.75
739657.47
364602.86
275591.78
410008.42
582653.01
248403.47
458640.87
933872.43
905762.58
221765.35
559107.39
484436.36
275626.40
617574.45
630058.07
37759.79
112062.66
182082.39
845242.50
473839.10
660131.58
538813.90
796267.71
938715.24
362312.84
122965.84
99319.75
58915.41
291274.31
947673.50
742065.40
300171.15
706420.71
77772.60
104711.76
126961.49
85093.74
772941.58
5997.16
291821.73
965806.39
812617.00
786175.66
155303.27
802744.93
549485.50
255272.76
246337.78
842050.84
575485.19
75615.05
198757.04
960011.94
880685.58
285315.76
286842.69
65187.13
856958.25
60117.00
496381.28
506731.21
36732.10
29109.59
901869.76
732616.90
922708.80
210905.46
685564.19
704978.34
251564.46
685367.74
499184.89
463508.70
705715.39
26193.00
541273.64
326333.02
135915.87
591245.68
423052.43
577366.69
55693.94
776211.81
388345.17
211711.31
718312.78
661452.16
871445.02
293829.82
316777.43
439813.58
796706.20
325108.34
537065.58
785222.79
233385.06
88360.36
195488.90
593736.02
700385.25
355188.20
948183.54
141923.10
168291.97
286304.73
271698.32
927897.74
908532.74
500026.60
602088.75
759355.83
694047.03
380258.18
225800.38
656578.61
294007.37
511902.99
813361.17
759655.26
906811.24
111152.61
154157.91
599868.73
752190.99
478845.82
351249.85
262354.68
65578.41
938012.90
185580.92
638844.89
813207.41
940751.60
970350.69
686348.73
269215.02
115250.74
291176.76
737133.81
221378.07
951797.85
997445.93
974256.09
94427.94
504231.00
414012.14
867884.58
937633.73
552629.41
947304.50
929048.64
752967.35
501318.17
855625.44
922491.94
497257.73
335970.38
825009.75
173008.71
727848.95
516966.61
399497.63
665542.24
260361.31
634212.97
477687.41
804649.90
59522.93
817859.78
231260.30
834915.78
579531.98
523554.54
393983.66
97344.27
203605.15
81857.54
818402.87
450195.90
16933.78
702242.71
460789.74
1945.31
48001.07
581509.44
233685.93
394238.37
535477.93
253624.99
742939.19
913840.24
523017.19
649630.75
331882.39
865648.74
844368.92
999452.23
293890.70
277705.79
120815.06
842443.62
821764.44
226200.89
190115.63
589542.11
851452.53
121003.70
773468.14
523729.66
734317.76
492354.63
600060.62
150433.24
27187.70
436303.75
334391.97
25850.04
814355.76
573349.11
472501.37
918530.40
689233.84
205091.18
5312.19
258872.50
365449.53
78283.64
873334.23
246239.22
893842.78
29930.08
366755.61
909289.06
527769.96
81525.31
194686.17
216996.86
74759.34
215066.87
924390.35
834031.77
663876.80
384882.39
949385.74
969993.82
200707.42
269417.33
697183.39
765263.62
904982.03
692735.57
184940.37
266134.41
848447.26
332430.88
972682.54
1846.92
461698.23
341459.27
299229.86
898955.52
618206.11
235127.83
330246.21
396124.80
120045.13
424273.43
764030.80
923119.26
300976.74
11749.96
847471.57
938538.16
888527.13
670995.90
14282.76
776763.30
284389.82
103615.24
634626.33
151562.52
21015.28
423281.23
308932.41
190432.91
846989.67
683191.35
693972.28
869690.44
751478.76
200842.38
86730.50
920030.45
723810.39
439579.54
114805.28
225269.20
609945.12
436261.20
333666.36
741420.77
595328.25
555606.88
666315.43
561343.58
910845.93
125347.07
743243.29
730820.41
414809.77
882223.91
876018.28
450885.49
655416.04
863526.93
909507.43
164135.07
317217.23
433182.88
103062.41
45991.70
830272.37
67534.70
927687.35
91283.50
657231.01
115153.00
390084.70
680833.52
887589.20
874492.82
916402.63
495290.77
158671.28
745519.61
441828.41
19364.43
214092.96
363154.22
296994.90
583366.45
593041.65
519845.41
962541.67
168207.45
926556.21
364912.65
340535.71
116576.54
410722.70
531263.33
363614.19
895462.25
463217.13
861307.84
341863.21
363115.32
386043.93
975339.04
300451.54
247380.88
224495.95
246135.30
519488.69
846063.69
277854.20
302906.37
179327.01
76152.83
897455.12
547606.12
799868.46
803686.09
940579.57
446692.12
99159.39
774877.25
963754.62
705072.27
446736.42
635723.72
466536.37
715346.53
976261.27
613108.91
561918.70
238971.03
85518.57
417660.99
579917.50
484013.43
268996.88
721393.55
29273.62
494629.53
581502.35
792713.47
537295.09
333158.15
432497.52
896773.80
274796.39
982642.68
531284.02
269307.62
874220.55
817739.53
277705.55
564771.07
292056.65
383369.73
111942.01
115114.47
830009.33
861852.97
82487.29
528086.81
750171.26
452739.87
81678.62
912957.28
671295.60
536467.62
190448.55
718611.97
852797.86
906595.34
955248.77
191993.17
373401.20
12461.71
406912.75
791909.62
920649.99
10197.29
108500.34
752730.65
333371.67
439016.06
865890.15
67374.86
17915.65
657369.48
795943.89
514500.77
460734.61
200824.07
874461.17
262066.32
368554.57
709095.56
23929.42
502056.61
953818.71
316560.54
160887.14
923004.51
616997.87
683301.25
410926.80
56512.13
529287.75
601763.28
540064.01
497895.15
695962.62
436072.99
153039.20
71684.94
960868.44
112051.63
738880.48
421179.79
96623.84
693009.10
40560.34
498429.63
627937.48
839426.90
619093.77
827462.50
128342.09
798397.09
132472.41
161430.66
118356.50
424902.01
55177.19
75621.88
837142.01
175831.06
467436.72
120946.95
255931.78
551197.84
913821.18
14178.86
367483.40
218067.55
149813.83
371354.32
723424.95
622248.70
804892.43
648442.58
935250.80
995887.53
723667.36
110034.89
668469.40
19894.32
555219.26
272095.66
475766.77
20107.09
632692.11
107132.93
621177.63
640866.54
625865.58
267488.08
558964.68
431858.20
247387.09
144376.97
254928.51
299503.08
649811.28
217254.08
960979.58
277626.72
332597.98
779921.49
742244.32
837775.37
780528.28
265925.53
248341.26
11011.37
251386.98
178018.33
842287.55
670242.09
434778.86
730561.98
944607.77
243959.60
529911.48
736639.74
477610.98
749532.16
963415.39
703673.79
835330.52
974807.82
862183.68
707525.17
722892.79
714537.78
287634.19
632222.08
905446.39
80106.14
271212.77
174577.81
762660.33
406400.95
962881.93
246091.00
254934.91
973961.34
626079.30
490345.38
62243.88
235528.58
610755.73
219770.64
742855.54
259957.64
484297.75
465202.08
933423.31
589811.16
953675.27
393734.37
399360.75
824211.95
84139.66
259736.91
25803.41
662857.56
106666.69
499650.21
321347.22
576509.05
589603.89
921881.00
196650.00
135825.17
239214.90
482732.98
220460.29
479453.43
187336.26
646344.88
931412.08
326035.65
731333.73
626449.79
887971.74
26202.74
236720.17
760090.11
285761.09
461313.59
444568.73
266054.50
508484.73
300043.57
821760.42
431885.68
579172.09
479357.30
308482.95
238430.76
435337.21
916408.17
222796.11
923841.08
404295.95
670312.06
459138.23
680190.36
316530.59
871991.77
783958.13
743418.60
48531.91
574824.56
747541.97
734555.24
449986.64
904744.75
960196.88
99089.48
889697.66
57813.71
61326.14
515765.88
522050.70
183514.88
528143.79
670146.99
330789.28
78425.79
385597.63
856994.58
798233.24
46139.71
991042.19
968325.32
368803.04
891016.96
419525.45
328322.96
420492.20
479699.10
801627.54
66099.52
188906.05
126841.36
405296.99
801923.92
217735.84
69622.24
373892.12
864705.93
845333.29
81956.21
433142.98
661826.81
126870.70
551571.55
848829.31
876000.34
726674.52
354218.28
342476.05
139847.29
87249.24
32846.40
170349.59
686909.94
859437.27
447819.31
211561.46
629407.61
994884.93
676081.04
459727.69
913041.32
352890.08
192154.18
5784.96
708706.65
434703.98
471964.50
801270.64
600782.04
598019.17
67150.98
172099.44
850372.65
407291.06
837072.10
337539.57
721313.16
638419.07
225313.22
243008.82
239626.16
763275.95
664795.76
978963.66
344095.20
818859.74
764793.67
85913.80
51141.15
929433.09
940311.75
908693.83
711232.05
407053.18
834046.11
851985.05
867999.11
593736.98
380940.40
60851.37
368370.08
598168.83
418449.89
894324.71
315912.02
249261.83
828672.46
285148.98
839390.14
455774.64
733582.42
441712.72
78370.36
735898.02
970755.09
226814.78
317661.97
308179.23
642720.63
109816.00
743770.15
774843.52
241423.85
879693.12
640304.68
505802.07
883752.97
196298.09
523756.51
531373.60
989445.73
636758.75
34966.02
833280.48
75518.30
77059.88
897291.16
989981.17
877266.45
937586.58
735154.25
358896.51
428466.96
782455.39
242263.80
894214.35
605936.56
338990.76
7767.63
107304.16
547689.16
932909.70
723663.63
118676.87
694296.90
975736.69
820121.21
721710.96
718911.04
852940.00
326138.30
827730.55
653735.71
108615.61
122314.94
713406.32
457642.90
750056.91
405588.93
28441.95
162097.80
503078.19
411328.39
644367.16
849066.33
752429.73
317719.79
526353.18
950626.15
916775.94
87011.71
161635.02
281364.73
824667.58
710768.08
987936.19
599120.85
264387.25
346164.41
550854.00
712998.47
497491.80
139287.11
415867.64
250752.53
209226.23
290757.07
417426.71
950476.09
344181.08
162589.94
61987.98
219868.40
199867.97
766924.36
503675.75
917077.67
102951.43
285062.50
364672.38
561964.67
724925.75
333522.43
613079.91
316789.85
662960.58
649871.82
941662.99
219695.61
476657.38
924650.13
552782.32
122756.66
650792.37
19237.51
265934.39
301736.76
383706.39
448920.50
563328.41
1209.56
243832.78
777135.58
942161.10
421121.51
371928.38
203271.74
250272.03
94639.49
907167.14
827628.67
103104.80
783523.04
401733.50
231175.38
905853.22
82480.01
266069.42
683971.17
453171.65
831917.86
538094.42
806044.91
481688.42
846989.44
525210.91
525027.81
464640.38
449908.22
971098.73
683658.23
278830.89
222824.12
879219.34
460386.10
970858.25
42458.00
752723.22
185664.82
444387.78
620351.53
89227.94
208923.38
278307.14
393595.17
614071.38
615949.30
897673.15
20553.19
758564.34
570846.28
914605.47
2956.88
366194.16
547831.71
970130.88
875111.83
721662.19
290991.43
696422.78
395326.27
140444.74
629209.21
873393.77
621772.59
16507.81
899311.95
176969.46
866748.57
987246.33
141439.00
618081.43
837902.48
153120.80
779881.19
714704.25
357308.47
71967.09
887604.20
561902.04
388409.60
853671.14
586159.86
328434.13
43256.40
522805.22
443768.91
77051.91
275806.31
485363.53
265532.65
912638.29
433501.64
400521.58
302098.64
410116.16
920217.00
762934.38
688615.49
357102.63
246859.19
896006.54
959149.21
403131.39
726249.67
596818.10
82454.23
661141.21
245465.92
159917.58
246359.94
672858.85
135347.88
353141.19
947821.80
603191.48
721707.26
257580.71
716125.74
940482.11
97199.65
397848.11
51163.81
820555.65
219740.50
563043.86
583291.57
764419.22
338509.97
400235.11
553118.10
839158.26
966629.46
376227.53
569831.19
536295.26
439531.37
675818.64
145828.18
785144.43
200668.12
218858.05
351723.78
484095.13
262401.27
461398.69
569712.66
354665.03
626062.65
145625.22
638057.03
384783.50
443185.54
265453.30
499125.04
566095.51
857515.59
449045.91
483516.59
941853.22
485526.89
143705.00
402552.09
88038.60
368340.30
32517.34
296731.85
574903.81
220198.40
802454.22
649223.69
731252.30
65084.04
209065.53
991876.82
20214.13
216364.63
825715.81
798381.27
214323.51
895094.88
749973.95
758588.30
501891.30
896587.65
751241.46
446118.27
556460.32
836658.33
776324.27
701763.86
959091.58
228532.99
572220.75
826821.36
674551.07
80764.64
952750.77
3136.73
353220.12
549601.58
325268.34
436531.46
399433.18
772271.28
953238.00
184485.11
697070.17
254513.32
123667.34
433451.33
190013.39
81734.24
193727.72
519349.56
503947.89
145902.47
370679.10
829058.13
124193.21
856701.43
846333.78
571523.58
261786.02
911625.13
498779.14
739910.58
562074.26
731904.33
557977.48
313119.11
437149.28
646766.75
252296.35
412775.71
186267.75
317592.14
311789.25
890921.21
992381.23
315776.89
174482.60
366261.59
849432.65
342505.24
926837.88
292579.53
22255.14
769914.47
423144.66
978888.63
884481.01
896507.79
551855.48
334828.71
88268.45
71259.54
662076.90
53504.01
812720.77
992334.55
294278.30
245535.97
264393.05
30794.76
390664.84
36475.30
298932.05
252506.97
673470.63
422618.88
405116.02
636974.40
785146.22
484670.72
823963.15
932353.65
207858.45
497305.14
256127.60
332172.76
69871.89
783444.05
335330.33
544609.26
644583.81
688689.81
459185.31
608994.53
860006.46
622897.50
667466.37
206242.09
239229.76
43265.04
210446.14
609690.99
544532.71
173644.25
54150.44
367325.11
526212.55
730569.21
860579.94
386197.80
761117.63
415473.77
73733.50
186538.26
460214.00
985371.24
641758.27
581389.21
540527.82
759521.78
185626.03
37659.37
760168.94
500699.62
469093.38
353528.01
381416.05
92558.90
978240.50
561188.43
708557.67
683058.10
278072.78
784072.35
564512.38
325883.23
334185.41
123380.94
127116.29
196383.38
491763.05
93861.48
52388.62
927402.16
492844.44
385296.80
242878.54
565668.73
338015.57
517549.36
275558.04
944148.25
251368.56
689080.24
748815.06
100372.46
374160.60
526308.87
515601.24
168665.94
115069.33
236456.99
590150.83
372592.48
557327.30
348202.83
56781.45
487508.34
42313.58
900470.87
855166.25
95434.64
686107.09
905598.36
628816.98
301913.60
721028.46
183288.42
581306.40
629117.18
249314.14
250592.70
451531.18
382649.81
871603.15
206821.25
241185.27
176936.63
603738.89
430233.67
984568.61
696644.55
91978.76
367578.73
20514.86
682977.58
862005.15
32225.69
912110.18
527880.11
897568.28
86432.47
630220.20
684654.76
336904.78
771385.77
316033.01
909523.42
624683.20
21160.65
892525.72
426860.68
987592.65
608083.59
700738.61
224388.57
125419.62
117997.52
199591.09
39291.66
446940.19
234985.83
752512.81
509274.90
824643.29
819198.41
257338.50
108034.78
173201.58
883962.84
771091.35
685437.28
234580.14
234744.13
591327.53
838167.10
142861.41
513644.61
18517.71
203066.80
981159.84
50154.80
820609.87
816757.34
584840.55
463848.66
718664.81
53762.16
713892.18
492734.58
109239.77
329911.67
839548.61
322561.93
631266.49
934948.86
280746.41
843124.44
391664.14
946961.80
757611.85
436269.78
586799.44
59980.35
980514.82
240724.89
812016.57
354502.32
264977.46
914700.14
689669.98
710049.00
347809.22
336528.43
181893.97
886645.79
757895.99
407325.58
262121.80
476427.01
138481.45
107751.10
596588.69
36354.77
66543.39
395280.64
587096.76
909338.60
897410.11
869837.31
88813.04
533788.13
467090.31
526957.32
600857.46
389301.68
826463.16
106048.30
581603.92
123811.73
783331.72
583433.45
5629.59
930777.48
400614.28
39025.94
537748.52
183745.19
215275.93
247241.16
647886.12
228656.36
752944.77
488008.81
206650.45
848693.68
218005.38
958881.22
982882.49
195773.24
164588.11
956665.54
383321.79
41081.28
901055.94
108782.50
146417.79
178782.52
749447.26
130772.18
65046.00
515553.07
992339.09
908542.60
278084.63
600848.54
120441.55
353722.17
97855.06
196546.01
478618.38
856231.38
370561.17
876662.84
907364.06
71466.78
650531.74
547223.34
67280.38
344434.70
16969.29
360899.28
906700.44
123140.19
910310.70
534229.85
947578.81
600306.73
420146.84
666100.10
368532.22
359157.44
346495.54
965846.23
370831.16
276829.81
132753.76
88019.38
813150.43
12262.53
926515.30
342051.45
582180.57
815121.13
298269.55
585529.10
478360.25
775363.63
679915.80
339302.53
290122.00
933290.71
869706.20
812134.11
568686.67
180868.66
189702.82
737028.02
427804.45
586356.68
939810.95
893002.31
162985.95
308631.01
897468.36
43250.63
887655.17
578385.08
463154.15
555213.45
698727.55
74243.15
852443.33
437991.10
747597.85
640149.25
182712.40
573102.00
789478.10
225445.62
92200.80
851381.66
57282.12
220105.15
417825.82
415503.35
948207.51
851223.20
69859.35
464590.03
616468.65
1898.62
523534.01
728670.38
97671.77
910950.93
728157.56
19894.64
950485.19
765255.59
122458.22
400570.29
496450.31
955200.21
527686.09
525366.07
246362.62
689086.12
623999.94
118807.26
352139.82
730995.55
42119.68
213725.01
660793.21
858493.46
960533.07
984198.58
617120.36
790573.20
925949.25
808698.94
566109.56
404688.01
48482.38
676821.78
347502.08
773381.15
639625.56
15699.05
246251.55
587730.74
569454.68
233491.20
128028.61
539585.10
602406.54
978654.48
987532.20
288344.19
801860.88
964336.42
641698.86
445800.47
893532.24
832698.88
741244.24
398691.31
527671.29
994983.50
900960.81
430692.15
503094.94
504326.93
748669.15
328461.77
596002.43
228017.49
359700.06
69057.63
938802.67
241758.47
178386.11
10339.38
639608.88
636928.13
155099.07
812908.18
391499.77
401120.01
805408.34
890249.80
927735.24
92340.04
497718.50
992419.86
160528.06
613733.14
448700.04
492696.25
375911.06
176444.85
299806.80
545717.86
581624.88
290252.53
327968.28
118546.76
966888.92
569755.46
202150.02
870404.95
329482.35
348617.09
768729.55
242133.31
139107.06
326450.62
444774.27
811127.43
325952.96
462781.07
561988.64
85954.48
890907.66
141013.86
380383.73
228411.21
805214.83
616282.70
297524.35
715940.15
531885.12
563711.35
343283.15
263215.46
623506.98
703315.11
507309.74
58166.94
37593.16
460624.31
210997.29
551578.00
768485.93
55953.00
22075.09
217810.00
454356.86
466971.91
327317.15
204503.40
114177.00
546127.86
452408.33
350793.62
31286.25
532496.27
373391.70
347538.71
388062.89
65104.01
100910.21
63689.77
267417.81
676514.27
994893.57
349268.55
521557.22
264503.95
668452.41
620033.58
501155.64
207289.96
27109.03
550258.42
526726.44
698156.16
52325.02
710748.15
988234.22
616031.66
121954.82
579697.02
546086.82
7313.77
176540.32
514393.44
829230.42
176324.99
293260.60
867141.60
143647.50
271381.44
542237.43
572817.42
366100.09
703251.31
417456.66
243364.21
50499.52
748249.60
516503.87
170024.99
184496.14
936694.36
984977.10
335911.15
119146.14
979992.47
188661.80
515672.05
437686.76
327720.05
458642.87
30149.84
750954.58
503696.31
131492.02
689158.66
523039.17
134002.91
705924.68
696537.56
587055.71
914186.42
131570.86
708086.88
907353.21
997940.72
727165.91
251657.30
235393.22
500394.80
818319.76
864339.26
659771.58
34465.03
998729.32
358696.54
398001.39
850955.43
89112.59
733153.74
569596.90
381407.70
920406.29
981411.68
516054.97
626937.03
36401.65
405066.86
564601.75
210010.38
370192.24
518569.65
595865.11
414305.98
299726.71
395241.23
27313.91
919312.38
454098.71
527527.70
4489.16
442757.63
798960.74
665041.23
229766.26
980852.79
581649.71
707866.75
560269.07
560780.81
629765.21
443511.60
327924.81
541368.16
675707.29
441706.64
853600.49
314266.49
309478.97
265517.35
237317.71
531334.14
36470.56
667814.33
426945.58
396261.01
138457.60
672886.73
81662.42
396550.50
305143.88
105213.27
184371.42
711023.36
66305.00
993896.04
313344.62
164254.00
882108.35
53123.00
358748.41
275319.87
477836.53
773495.71
989440.67
538962.47
676787.56
285764.42
182345.72
625229.01
196052.49
644931.23
43849.10
222399.00
72973.45
892256.88
149469.55
592215.25
892378.02
974839.64
739091.74
653748.99
777963.65
145420.40
592674.32
730459.00
679673.20
128523.63
496827.60
41803.12
577166.18
546977.00
281246.41
104884.84
873581.37
692443.41
488126.47
497090.80
360317.14
207736.53
81271.46
535668.50
354491.52
705742.59
889969.65
320420.87
846975.24
444004.37
392052.44
404053.12
739169.22
592914.58
44758.97
878886.64
161701.84
766268.74
246056.52
906209.62
482971.20
827669.07
393788.23
486647.03
946044.32
243786.91
396343.15
975415.25
273504.40
464291.27
881127.14
884268.36
666039.32
563616.25
103727.12
808259.10
91985.04
710581.26
64678.53
751527.41
806966.10
936945.80
702446.62
58207.20
665618.57
248203.91
799821.35
628717.34
580152.61
230678.61
433874.23
626568.75
572284.26
546677.05
765522.04
707686.77
74916.93
176283.79
501709.29
754429.65
151996.16
507121.30
174265.90
393438.19
753272.66
604857.40
800663.17
532314.73
215787.55
547957.69
16204.05
108674.34
444577.43
868073.49
242490.59
629203.02
858168.43
762314.18
293179.59
192680.66
595900.62
894337.52
128373.37
601938.28
883842.88
490924.01
124320.16
773387.32
527190.03
860732.42
835683.52
91851.95
927950.43
815067.47
282799.09
908329.99
838729.29
705520.85
100894.25
704471.42
381573.07
363995.67
73488.90
554497.75
891741.43
813501.53
494935.54
264751.12
995013.74
335823.17
514931.19
239890.77
812078.93
979595.91
500145.69
471835.68
846909.39
779169.35
856131.24
741016.18
22238.81
864.46
308466.55
954155.25
547459.50
918672.72
255730.80
528966.83
855819.80
771313.51
588518.89
408168.56
623736.63
111740.82
413993.44
464494.56
272208.54
349505.15
299814.83
138487.21
958155.27
763153.19
806400.54
55602.37
253707.80
670122.04
690511.61
102808.81
343134.90
87895.81
676062.17
77378.29
3820.44
782663.82
61074.19
369519.63
629259.26
929107.60
261450.64
899779.29
436386.75
780392.05
249238.73
40.58
733102.12
354566.19
785297.19
158098.94
902451.21
754462.26
922467.22
215220.37
958529.26
511378.18
360523.10
15372.84
616037.07
377336.92
280991.81
381860.06
421525.39
402226.66
240699.23
592386.72
777956.93
763299.26
345024.39
380226.33
412759.06
193604.59
668085.37
410843.18
521651.66
653696.64
544197.54
67847.15
841254.88
618361.52
345914.18
287766.77
432858.68
760769.65
54113.06
574184.95
756270.63
647926.69
722593.99
459680.43
56903.89
528260.58
999747.61
494710.54
696697.57
997014.29
471971.21
507532.74
585661.62
773648.91
978729.06
677180.67
337035.46
812319.92
108314.02
911243.86
768059.79
395833.87
474442.59
23661.08
602680.21
87147.42
502053.19
866942.03
687996.35
947029.60
463142.90
440821.63
703081.71
894992.71
602134.51
510553.76
582402.30
535819.04
399502.62
754985.51
513045.51
272074.35
140754.04
813274.39
199135.57
232225.90
268975.04
974499.29
473351.71
991062.95
564807.81
133786.35
735826.54
845994.41
674900.30
244371.20
12379.75
500631.35
639219.45
531398.29
265219.51
711456.13
982670.62
678401.73
110342.06
532915.86
186934.92
304713.64
865785.51
493305.21
366802.62
800004.35
831451.57
859578.96
189820.93
412333.89
853284.43
775382.78
804898.22
462011.34
345708.66
933298.09
126276.68
139324.45
577502.20
650429.92
588838.63
13982.78
855917.49
808563.36
746389.10
878714.75
743665.49
744232.64
227976.09
107409.24
7321.07
814876.43
141343.50
378319.21
45339.74
992977.09
613856.00
290363.56
781808.27
378971.22
747796.71
340932.72
941761.94
749178.49
536086.31
179561.02
580011.24
389620.55
698455.61
394278.57
371393.26
351508.72
550222.54
293813.12
672693.70
453068.28
39542.48
431765.01
873331.40
88685.79
524312.98
63340.31
620220.59
575907.09
369177.52
747334.08
924313.54
792190.31
851390.91
50059.66
782710.28
571443.99
371933.32
418562.16
899056.44
376860.10
660813.40
864575.37
898887.25
867138.57
686826.53
388140.51
131867.14
187570.50
774907.92
992102.36
414148.10
674997.97
452259.23
242215.67
398107.77
492628.30
52757.61
337223.35
178993.25
192524.54
223981.40
919987.79
409466.44
412088.96
440760.94
300876.38
505606.48
228022.71
169648.28
42501.92
74596.11
120749.46
520680.04
321410.44
958100.81
318504.59
481082.42
53674.35
623559.02
516458.59
41401.48
705647.66
690202.26
889538.93
298179.24
951812.93
924547.58
312701.81
149441.75
611796.57
685796.88
544665.01
656372.74
412993.41
961720.58
391337.46
351857.51
464507.35
332798.98
924633.70
282825.04
565578.46
674491.61
16687.57
521097.50
967576.09
724174.92
273461.71
3223.20
649930.71
599004.37
763998.97
781181.27
47218.41
756184.86
515439.31
383204.53
280228.40
770757.85
825822.23
506628.61
783145.38
31981.03
619225.64
780243.18
779115.68
724968.13
883191.24
505313.05
564752.43
877879.69
61300.52
853876.73
821230.70
85341.77
171691.98
710866.66
229638.96
797315.85
823546.94
246831.19
944757.41
784810.83
404767.17
510299.67
951203.76
550131.40
141884.17
129536.94
542768.85
97219.37
637634.70
608597.63
426178.33
923559.19
405391.67
494670.37
257546.60
448883.91
887407.61
506899.72
37517.00
525608.52
114048.71
454588.09
420772.38
693735.08
586723.47
569747.43
140407.99
189100.46
332235.45
755363.24
484432.57
820841.76
537567.29
49312.95
307967.65
271195.84
990133.59
97108.89
541099.26
343798.01
265009.64
690061.41
593818.48
64817.00
49456.09
614540.16
525476.61
380599.27
585983.62
375725.48
649986.63
10529.28
327272.31
284975.96
88602.84
432166.02
828945.10
18916.52
695975.78
916381.81
237271.17
27674.30
959373.91
46713.77
728211.41
178171.12
15202.89
197758.36
552007.88
734750.00
10987.54
513473.24
335395.64
438018.11
567049.25
861189.73
172506.20
320507.58
32801.89
607807.54
668058.56
718789.92
677819.07
81283.40
796877.20
336902.72
66774.71
752838.32
831282.43
792301.87
402755.58
838260.27
557013.44
535779.70
401834.90
785.44
113252.11
634913.41
73211.08
645544.72
594689.02
627836.78
222106.07
214050.87
263887.01
255323.54
798201.85
395635.02
86291.32
832089.55
797401.91
920636.45
166801.35
201293.06
202048.03
669415.12
706929.74
141853.49
952831.11
95599.89
806541.57
727780.84
709047.82
162276.55
669595.68
608164.31
452849.63
940560.61
474436.77
54811.48
168109.43
109177.47
38373.99
918047.97
212660.15
803663.74
435718.63
533428.44
372667.22
772318.72
642605.76
842099.84
414650.95
282947.92
10866.86
525218.70
801691.11
30288.06
771800.13
611485.71
86345.76
762819.15
421082.34
691032.07
942992.96
961398.87
544723.94
373314.03
464563.35
101215.75
70658.51
693299.65
65310.60
351355.78
267623.55
601639.70
151546.94
164154.17
678818.89
520880.19
211090.20
891517.77
593387.50
756619.39
530608.60
208540.72
78941.25
239739.85
963966.53
124816.04
550502.50
502849.80
279258.81
150558.31
525403.60
474324.02
103218.53
817530.96
41748.61
423638.69
169198.48
205626.04
256558.48
298032.73
584257.50
969955.20
157160.30
137771.44
356347.13
603687.41
103720.28
672322.57
769914.18
572152.94
215233.59
367294.15
380531.50
845540.50
327718.22
633361.42
628914.08
271609.47
539230.49
900532.31
578688.81
261240.19
174179.16
368848.70
411427.50
664021.41
289008.39
866103.10
701841.84
492171.46
770656.80
808632.36
107216.61
344491.30
545245.45
711886.54
442753.53
340820.76
861471.56
738551.79
657787.02
116944.24
760454.75
756677.65
766794.09
339156.18
579132.29
980879.09
618528.93
698413.97
483165.21
808512.48
154762.36
760039.07
819210.32
168853.88
66100.04
906492.62
436592.79
203002.32
518634.87
423901.88
630170.05
524596.07
322366.87
876400.58
981834.14
253870.00
88136.14
773173.05
172776.95
86464.77
121101.42
187386.88
370957.82
910226.65
760001.26
273873.86
209124.20
435195.31
155716.22
642211.77
953043.83
139922.97
300546.26
121504.74
542910.14
806965.11
417920.96
609173.38
273097.98
982774.95
865490.76
115670.73
810434.42
52421.79
827515.29
983365.64
783320.58
403797.84
368547.36
954694.14
942063.41
855667.47
50352.89
191444.57
844209.68
112042.23
219133.04
314021.37
267229.27
748691.41
909819.56
401246.26
875966.50
922134.17
76871.83
204460.73
549187.43
279781.32
47813.76
675368.90
598204.80
850180.45
788663.07
429007.31
947051.42
400342.09
309672.11
790259.29
545492.55
394024.97
4244.69
711815.11
679900.15
917255.40
403383.75
453848.18
172949.17
645605.89
841640.76
114461.21
806690.15
932414.19
38993.33
968509.53
190448.10
937846.39
198613.87
32680.23
907725.22
542685.14
668083.72
38935.62
951024.67
538851.43
552937.71
711986.90
804102.49
99628.00
814992.59
978894.68
587408.51
386062.66
48886.32
207507.99
77598.50
8341.16
491817.74
817842.62
501327.53
546104.11
931867.31
234813.07
879606.94
617880.86
716761.66
413797.05
835074.58
190797.37
459660.60
842388.37
957967.38
168299.74
875694.92
167984.36
659596.85
591278.29
377570.17
761366.40
719793.02
255078.78
10844.20
840017.84
882042.85
651642.19
37980.17
528790.71
704792.94
749467.71
843294.73
484209.13
567250.62
246705.26
78601.62
13905.00
739087.38
663717.73
706345.93
415673.27
832223.40
579790.57
127420.80
728764.37
967899.74
518181.30
24257.49
584719.29
756728.36
257157.38
925135.22
366420.74
970975.30
677497.37
560657.98
773226.67
129899.88
661609.12
20253.43
784327.84
726239.90
728468.89
585071.99
864638.98
697867.47
321271.82
237449.71
511439.40
698995.14
347246.83
80405.35
323069.60
941376.40
809898.37
418415.28
446323.30
202295.96
950166.32
154890.55
301942.96
256407.40
863384.45
724114.32
670828.89
623975.91
635078.17
941436.50
110137.65
410729.02
815518.66
641487.08
25206.79
758256.03
343105.55
223218.52
934076.70
395336.16
891919.29
703563.89
657253.75
286744.62
13161.67
522980.79
569702.48
406466.33
639803.01
497173.80
186832.60
922150.36
193481.95
907350.49
464708.94
992547.76
355271.36
420932.19
614721.23
357287.10
312357.25
42616.55
295377.83
825893.74
313605.72
320416.82
219235.01
19572.83
254456.78
893251.96
805648.80
368671.28
620047.73
625213.58
638271.20
892435.38
169827.89
642769.46
89092.71
253806.31
842260.27
244057.02
673151.04
700728.58
730975.77
708488.11
386314.40
485288.99
43531.93
671553.92
875162.91
646142.37
417677.44
970162.23
913256.95
585283.83
311515.96
372396.43
289037.89
823429.08
121647.04
599057.78
328434.02
381837.93
819859.47
683194.74
610969.39
840341.14
952141.37
65108.35
381899.75
863901.17
946778.04
314699.08
515695.03
944384.88
103371.68
591840.51
966977.41
285255.52
703586.12
169940.64
385391.80
91522.62
989197.41
291498.25
41902.70
243219.02
526403.84
338348.61
358216.93
853880.19
916194.70
646431.80
815362.11
137179.02
476011.24
341989.05
319830.15
96886.35
228723.82
703747.70
980923.81
678481.72
991618.48
120249.03
681843.19
224894.01
796172.28
229483.28
329029.63
270729.72
385931.29
664134.24
238026.50
915224.45
793736.62
356080.57
197942.37
259521.42
81033.12
287167.80
772377.56
107828.13
937863.98
689462.49
74550.69
784839.97
208278.00
235192.93
487775.98
912501.09
886608.95
909541.38
958468.87
913759.38
603872.19
451759.04
11979.42
94912.54
161934.06
424423.07
881395.07
128534.43
475058.24
307879.67
636635.55
934259.89
250898.05
300178.79
162513.14
119.25
845161.25
225985.44
882047.12
385540.28
55448.70
392802.86
872130.33
796004.58
342599.76
396325.44
107858.74
960184.58
552110.46
565079.80
350971.53
610857.05
691674.28
384426.88
66442.24
111702.74
102707.57
697245.89
160646.57
954855.12
750073.23
978731.42
44799.70
824574.07
16530.89
572770.22
238982.86
782757.93
442362.90
106220.52
710628.10
870129.07
818554.42
649162.74
648877.57
285642.34
95174.66
418349.42
116802.86
117753.55
576586.22
35973.16
724255.22
416731.61
586043.18
299152.44
168343.85
433178.45
862735.32
853158.22
652241.22
769435.55
197406.29
629020.12
445474.68
762148.65
399121.24
421199.23
145215.12
800135.62
853050.52
646657.24
198347.90
480478.62
474009.25
266273.74
437610.22
261667.99
705159.51
208203.20
191802.88
33808.09
724134.08
502496.80
833058.74
36506.96
966020.28
506509.77
31819.32
467426.92
605280.35
338107.66
161166.87
405532.84
963624.06
601360.72
135243.17
128048.25
917579.47
62212.30
639636.82
22413.75
829690.98
23628.52
845907.98
483533.23
78669.59
887652.21
713500.20
913.04
800450.39
187617.78
849320.80
716058.80
186732.89
919224.68
756819.89
310069.09
681300.73
314520.73
905819.05
517750.44
659449.17
647334.27
729757.12
507841.98
401808.69
685683.07
81512.85
860892.79
182781.32
36498.34
978830.04
734322.18
247106.81
564422.75
27273.92
186871.47
463063.98
566811.27
876424.87
986179.09
748176.57
923013.19
373596.06
101300.02
105503.13
778423.45
85751.45
450949.17
171208.19
576804.32
865661.04
234831.91
255515.97
641015.65
657653.97
44192.28
69210.93
217276.05
762093.19
184151.49
741192.65
191882.19
857963.32
210918.98
328609.12
512372.37
138025.12
620594.06
91693.03
735582.63
245041.86
674532.70
501891.62
421864.77
978766.09
360564.84
286514.09
21890.68
620794.79
280755.29
941905.32
727761.44
284417.94
6321.80
105243.59
240259.94
319607.12
612140.07
481366.44
726574.07
837852.03
925099.76
817974.68
642031.83
808722.99
545015.03
526050.58
563155.31
699580.32
526701.80
841239.19
966900.39
428461.18
825140.25
359148.72
145062.52
459142.47
683354.29
456843.58
501451.86
346348.21
800738.87
824114.66
94392.73
105740.83
653470.69
952847.92
682894.91
416960.77
942698.38
954784.25
771272.80
513423.14
581564.57
529046.30
693929.88
255058.69
283106.73
656451.15
745294.93
712240.87
415886.33
126947.92
582546.22
271743.02
816769.83
414783.27
497795.77
818712.95
864233.02
31518.72
171138.70
808168.67
274672.24
900374.63
394620.69
333829.02
343692.53
914777.79
488643.80
225743.01
400537.67
800668.68
54557.01
600826.21
11319.89
862608.89
6796.34
293112.24
622121.73
879588.53
918871.45
629852.00
134672.07
299380.02
324520.03
703081.42
982753.34
703403.85
72070.87
600360.81
805992.46
758030.75
669474.13
742048.24
80127.23
23745.03
862652.54
875485.07
792135.68
977531.41
514974.20
724394.19
942657.84
344261.52
378203.07
40733.18
310286.77
990365.17
554251.23
247801.60
874305.43
410146.09
105981.25
837628.05
776429.41
332844.66
553865.89
821541.06
396666.65
448511.43
964084.08
911835.66
332294.35
507062.19
94379.97
493287.16
811278.98
965634.34
747343.14
803850.73
938475.27
757548.94
138733.80
494320.28
889657.61
558852.16
689111.19
911357.87
337936.89
389974.33
986256.03
761841.86
33791.89
450293.43
537590.06
945928.57
668080.24
736589.74
323012.29
175290.79
184512.76
590344.90
686772.89
78800.51
427399.78
661522.42
416668.30
501777.81
71001.89
177853.13
107162.53
38436.05
342594.74
105198.30
767022.76
819064.95
284967.65
253342.07
35050.39
447314.09
399515.03
435691.38
197748.52
83810.79
719770.71
712473.60
584500.27
786601.57
84727.91
233007.87
900356.54
323938.21
487689.04
478941.32
845881.05
338430.17
925722.72
626870.36
716850.04
785749.21
53799.18
345818.59
533894.28
499147.41
138575.10
668501.95
229839.87
654108.17
272799.96
699415.33
513017.97
803978.03
12980.13
627949.45
390547.57
517753.54
692504.44
675466.24
316386.20
120580.63
28633.45
510217.54
674001.49
120936.12
679795.01
964938.94
428497.71
911.48
240753.26
221129.84
716766.61
936375.57
335746.92
748279.16
622346.23
572924.20
269580.22
202109.44
733492.35
164716.65
211166.85
476275.76
239385.91
145290.51
463439.81
84017.04
500656.82
415615.55
150532.60
665750.51
508218.02
817543.24
904495.76
491342.69
207707.18
545873.45
368145.19
173099.99
576630.38
399490.67
62341.37
301494.52
635899.94
216277.86
403791.91
522352.81
163165.90
477279.25
559776.91
155769.66
932486.03
47306.16
342524.01
993297.20
12191.00
195181.78
689979.67
407282.20
802893.54
125800.96
392854.83
416504.32
688409.73
657276.28
45295.23
470109.59
345039.31
909823.84
95623.26
498612.95
346711.26
530359.70
256415.52
623876.74
78915.86
329115.60
464616.88
364999.67
291429.61
764569.94
934049.57
645639.64
527551.43
31070.69
293659.84
574762.74
473691.98
577032.85
901345.60
685924.30
163704.43
546038.52
968156.82
261399.30
385676.40
634438.74
601146.03
841563.98
857335.32
639377.73
679359.21
435098.32
605416.59
903118.64
756868.11
90030.81
238268.32
998169.87
212413.15
969529.83
146069.41
950558.91
805584.54
736624.97
21997.16
46749.23
315967.33
270000.91
536852.77
76329.05
898559.98
326880.91
875558.20
467537.49
86516.87
358014.66
928191.93
644612.72
950515.30
864281.99
114371.41
609888.37
547256.02
337619.78
517646.73
143864.83
117377.17
30225.48
842078.49
530533.24
405190.52
238794.87
403500.13
732548.70
904439.90
232645.05
630647.27
270959.18
419408.68
21856.31
707694.54
709015.51
48786.19
131752.43
316739.17
589661.22
891412.14
455995.60
533082.36
413741.48
812019.40
429474.76
212744.54
916096.75
275542.63
796141.94
398244.30
192966.79
966359.42
824990.86
308838.64
519988.66
866332.23
260040.19
843331.18
632850.82
377146.65
289245.14
340077.19
165956.00
76397.86
726412.34
362559.88
553903.06
515032.38
324325.46
116013.30
893707.02
450828.08
476263.06
106360.36
702348.10
986554.40
511087.68
408619.04
981631.90
767485.99
28103.62
149327.48
403048.10
436280.14
508406.68
953772.76
183868.62
44846.46
30371.55
646673.51
604560.17
654464.43
326169.79
132041.46
318570.70
348793.48
723727.86
114493.18
817952.57
158112.95
853102.09
384663.80
553318.28
472757.86
989423.68
147669.97
290749.03
592798.23
940747.87
248545.63
222628.05
634588.66
715780.21
299705.35
945442.73
838090.88
489323.16
800243.92
507831.69
122346.25
635691.67
754709.26
392857.74
739530.55
761014.02
620381.31
56361.60
163593.36
446157.38
424492.87
458618.13
788454.46
166879.87
768959.34
295028.56
48880.81
773122.65
685164.07
700217.73
219957.18
489981.20
667858.12
642638.07
776871.72
245951.91
173110.71
604089.31
497955.44
463836.33
979177.29
133033.07
708785.97
850941.67
775521.35
294451.61
951380.16
627492.82
951356.33
625367.97
90059.20
201839.39
228597.61
503789.64
506284.58
189831.09
543288.44
757071.14
905101.66
149256.90
289394.81
596112.26
684356.22
160200.55
546842.24
789201.79
169274.61
805887.95
764266.78
845269.51
41574.21
627115.11
848231.19
189256.37
225952.39
542276.02
355752.15
578532.01
389478.33
586755.66
102723.00
565037.81
455825.67
157252.67
565290.30
236096.68
506974.63
746112.45
322830.65
968818.35
924216.09
180974.60
760323.53
635552.06
862268.67
846288.28
911995.62
221040.56
55587.86
223061.91
951121.97
832727.81
269631.99
822045.25
538027.50
341061.91
247198.08
268995.63
724583.06
617999.01
664580.18
607755.91
265882.79
23423.28
219409.33
975611.38
885170.47
553735.58
690002.97
824229.21
570880.80
982048.88
131282.68
238557.37
187305.40
689351.41
113501.34
675179.95
798322.48
481797.52
296579.94
143108.34
722000.84
342409.73
656576.98
311527.22
598083.92
125628.30
191127.89
633416.47
460047.76
306380.29
144410.41
6812.64
165705.10
437869.41
107726.73
524455.40
962890.13
703999.71
499951.28
217845.92
4586.43
729166.90
557094.26
604721.67
897781.76
228549.27
615895.93
639347.68
503766.80
816002.21
506493.34
995768.38
410504.67
11295.14
817591.07
320353.52
541748.35
64680.99
856966.43
310425.34
947309.46
50903.16
759922.07
872289.91
790674.51
749113.01
431393.95
137455.94
431271.49
471507.66
681924.75
147315.74
13863.48
865334.97
96200.27
686875.16
370905.75
232506.77
905963.96
736635.68
302836.41
586345.21
640279.72
88551.79
12855.23
782445.56
357542.95
638573.23
894165.28
808898.41
909275.73
709842.19
230069.19
121418.69
164755.83
808986.47
679605.49
250114.46
989989.92
524418.99
156491.47
996902.94
188713.72
858982.27
502660.39
69407.11
551219.78
557761.14
609635.76
512204.34
515546.55
574286.51
6341.72
23903.26
750580.90
117125.74
263578.67
770516.36
664809.50
559874.69
607233.09
810215.82
808023.03
85248.63
663619.93
856644.94
951372.60
470382.56
699899.58
63890.99
132711.71
587312.21
963446.59
545034.17
766952.47
249196.46
363450.50
470130.16
428499.65
506514.01
472103.22
529690.57
209809.27
221670.44
266942.27
687449.99
504131.26
331481.98
625430.04
668531.45
763174.03
402010.84
173538.07
80506.80
707947.95
590054.05
783455.46
348291.38
787880.81
365447.06
253935.19
743500.14
242725.59
747050.46
218225.66
48711.14
330944.03
934437.80
854372.74
809784.55
852943.12
354949.60
203228.51
880117.74
111887.86
560914.96
85380.84
765139.85
796859.33
803562.58
82630.91
765709.78
849799.10
192328.12
823836.40
289770.36
596463.04
106127.31
928036.20
507281.33
691351.50
432568.79
918767.24
398512.87
202673.12
995448.24
472403.18
405685.82
49803.23
249878.47
904261.44
228521.42
41354.64
152382.30
976428.52
397057.69
553044.95
851619.09
623703.53
355352.22
127287.49
277668.22
198400.47
736089.04
325836.79
36357.54
565380.04
656796.31
597248.84
92938.08
312804.75
250891.71
549762.08
998547.91
885186.46
922601.97
786881.74
161006.30
890282.21
470322.18
182302.11
343653.29
57364.50
992400.81
608598.64
775576.96
533361.39
802081.89
415798.09
53537.91
447293.42
904909.22
142876.62
988395.80
926690.62
797511.27
215267.78
804002.30
607454.56
658181.74
811184.92
952144.53
839440.22
196788.31
261816.31
33820.95
141768.98
809822.85
940756.39
708659.25
325996.04
955972.56
614213.86
843597.67
30901.17
56097.09
284931.85
943089.93
269330.52
30498.15
952748.23
843090.48
253757.36
905357.00
547642.90
675614.97
850084.86
361328.46
148303.78
988849.46
711982.88
397194.32
912531.33
958103.74
507482.53
880295.19
343423.09
714077.14
172753.35
876819.85
785286.20
911145.74
202642.06
739415.50
379037.03
598973.91
263279.84
829795.52
949044.48
786088.00
145409.66
288135.24
760312.98
53478.41
860776.29
188562.71
299232.97
740046.81
346874.55
46958.35
308489.08
465327.67
91796.61
57883.48
734024.64
359696.95
451864.17
518635.64
726928.25
168433.73
842874.75
83368.87
625271.95
765434.64
397226.97
794294.99
582614.44
624563.01
140160.27
252899.49
62348.24
81532.30
192536.33
695922.63
346035.06
554661.93
739515.54
677851.36
920313.69
860251.90
636541.52
722911.64
745264.45
538200.83
416537.90
210870.68
884500.95
238634.05
114395.19
318266.48
638121.78
862185.73
739605.09
275285.75
901570.31
897234.31
875620.38
821783.85
898674.26
631674.70
618433.74
279580.46
372668.98
928976.94
474668.23
191219.45
481465.62
254838.32
958740.20
11142.06
353910.86
956225.77
81289.68
997262.00
663463.38
667122.66
251943.09
94755.69
902076.86
246651.24
705732.90
974023.49
606090.76
642668.46
815963.47
919413.48
654085.28
440379.96
775800.85
693004.65
162108.24
749086.13
119698.20
237498.58
392582.32
692839.84
997505.69
452665.62
188015.56
253109.38
720630.26
583596.24
593369.73
126447.52
693542.89
170105.10
903136.67
750228.44
312541.50
811436.85
662378.76
463687.10
631417.49
63150.79
838504.40
938754.50
369061.92
960923.19
384764.17
449721.50
303145.36
155596.04
659223.83
724444.11
250949.98
336330.04
118301.55
941534.61
605557.68
377355.70
528258.88
178764.53
15507.44
266380.91
937241.65
651366.32
476576.44
46903.56
533106.65
851246.89
568041.65
137667.48
139741.81
420757.65
10063.72
606692.67
23109.41
387475.99
809404.82
615968.87
43547.99
349445.67
309337.10
711195.76
49783.41
37436.22
474209.41
687261.83
21124.51
216907.27
490148.22
181120.39
435689.81
191256.39
799005.44
823261.14
717453.85
845691.34
492539.81
486007.18
635984.19
703371.42
131014.96
401347.59
218115.57
369081.88
137946.10
51836.82
60488.37
286363.45
474031.57
462639.16
969221.52
932113.89
658358.91
660014.13
272116.56
805419.26
900636.86
536909.66
160616.12
195081.97
826146.58
895862.43
915654.26
777127.66
654587.15
341993.43
738538.02
693609.14
394118.86
837978.17
228255.00
999987.00
16024.55
61270.43
409643.44
946990.30
304967.03
295124.64
556710.67
226533.86
576389.78
588947.81
399484.45
27550.26
219935.72
513688.07
826955.07
412077.33
485104.86
35496.83
995959.92
943287.40
581279.64
300880.98
795738.31
136801.97
885342.00
870815.03
15058.96
181010.10
929408.77
823931.58
256154.88
392941.96
6791.66
558471.68
967200.55
454448.05
831254.87
958010.46
851054.81
658921.27
38713.86
93091.88
862115.23
985060.54
436230.26
705147.14
891780.26
281727.61
394618.67
619053.33
139490.29
84688.81
822728.15
43025.28
189978.80
422892.67
443939.02
224138.04
931161.78
668869.47
764352.03
843029.57
796645.38
821149.76
116303.16
799836.26
299494.31
380662.94
447265.10
173234.36
359604.54
290031.44
485477.54
100839.57
356587.60
400773.26
123277.57
462371.50
146524.50
953258.14
173791.95
97308.12
414743.47
950205.53
221087.44
988360.81
860015.28
261007.65
336358.45
302415.09
640156.29
872622.05
837565.99
360108.03
783469.31
301602.02
155356.84
991507.30
197941.96
272944.75
601534.71
831259.80
358936.90
164084.30
823460.73
49391.29
889645.65
904977.98
620269.95
170252.45
847144.03
321535.03
154894.26
106107.18
503854.34
842647.40
871540.76
99927.71
42818.12
611894.41
229877.49
930119.01
424884.89
794454.06
7356.72
548147.53
784549.02
900628.05
939907.39
229868.22
662967.55
550694.19
733390.43
464431.18
824703.14
491908.42
318500.96
773460.27
261325.10
490014.22
470725.86
675120.01
55012.53
278194.06
690053.96
615359.29
549395.62
14473.42
973097.94
92150.75
275463.56
686399.80
240689.45
700178.16
928685.74
85470.42
626776.91
190949.07
355085.92
23572.46
104873.00
248381.95
658345.83
253517.72
996515.92
994096.31
589848.67
917511.00
13827.73
2036.05
581242.82
953405.02
554582.70
772428.36
48945.55
683885.07
604349.49
714161.69
758913.53
87697.45
460380.85
781822.53
785665.80
947454.13
604867.75
429343.40
784493.90
840846.34
994991.02
832426.47
695934.94
268455.00
132717.71
814616.17
249352.97
191403.99
581812.55
950623.31
10332.65
838257.09
340647.20
862503.75
498406.86
770649.12
997673.85
877956.04
270934.58
360676.41
72913.62
776109.34
465397.65
684596.76
703511.80
141636.13
528588.31
467288.45
841666.67
18399.11
523374.74
578576.52
595461.51
583826.51
51394.08
97467.02
259382.22
35453.99
44248.41
364848.97
36159.90
636984.87
382676.32
142896.13
375996.40
863095.18
875823.18
144483.23
923696.88
673610.69
754260.56
68441.19
17419.32
563720.70
447989.08
742852.54
853731.31
357706.44
266300.53
779286.05
224250.29
707164.46
296986.01
83235.32
542870.69
948818.35
47956.14
256225.83
976960.23
727464.03
311583.61
906988.30
40905.55
894925.79
484211.47
888680.92
81805.25
29292.46
78239.13
20154.40
367327.53
757322.88
206485.80
249856.31
577180.13
468461.61
15373.54
716112.32
834842.72
659210.00
294280.20
902825.77
718481.43
536945.27
832658.54
430644.04
646846.18
215919.36
569825.85
621323.94
663104.45
27326.91
39126.47
239684.30
615261.10
991691.94
217968.63
317944.68
524797.81
865718.37
526716.43
673809.42
272587.32
963462.89
593823.25
108373.12
970685.13
259026.43
304495.71
216611.20
303248.75
529089.55
342223.56
877380.26
7472.98
73196.10
189235.97
501226.67
956348.40
553699.72
700805.64
140792.62
432727.96
898286.95
266282.77
326734.36
793792.45
198577.69
568174.44
999514.18
789208.02
170888.43
958864.63
697592.97
249963.08
605084.87
106442.44
740350.08
696008.12
496693.21
541108.63
404695.69
83167.99
139104.59
994990.51
949552.09
319775.57
615409.69
126424.84
924302.58
385079.29
454279.95
843990.48
559536.57
581965.90
60040.41
624655.69
81743.32
66715.16
641560.91
911442.57
216021.11
896475.48
49969.30
763908.22
814963.70
461723.54
636477.74
149774.15
760881.74
997741.72
630410.20
687862.14
134486.08
627796.29
495824.77
855824.32
975528.82
452160.47
355503.78
882500.90
944281.76
936379.60
513359.70
179675.12
400490.68
403137.32
242790.17
18927.17
183027.89
386828.24
437368.63
732931.37
386986.59
433072.48
279026.25
666427.51
989580.85
192097.22
71676.20
630589.88
750875.59
815804.26
26931.38
111571.65
820756.65
628083.39
712167.13
433549.39
685941.66
222135.26
258115.58
881918.39
186765.45
900629.92
908611.03
349289.65
389297.31
60812.41
181460.09
634118.66
134918.90
367637.35
468586.83
571949.95
756971.25
262988.78
450602.31
401043.29
648755.38
233806.06
925047.05
307222.98
410760.15
957397.64
659725.17
197888.19
363466.33
333082.37
539122.31
869234.21
69810.70
166862.76
888981.77
280755.55
908683.69
316722.79
85591.20
912058.68
831154.93
686210.39
189697.49
496151.11
399306.99
670013.82
109281.10
881977.71
195413.83
563571.80
448235.37
763871.83
471614.78
426111.51
421351.00
316903.07
253959.32
531234.04
952898.52
270867.52
642356.71
792267.70
956413.00
860413.41
189491.11
121818.64
77993.84
19932.50
190790.96
221672.03
814064.90
345151.43
901632.53
586805.60
53837.59
604909.84
370346.95
292784.20
529628.11
392049.20
600920.43
993630.80
457114.08
261504.54
473399.27
97198.47
494241.67
521511.41
403839.00
123019.21
685691.76
179437.80
980893.50
376688.80
341894.73
580021.90
598990.32
873532.24
238953.12
858124.25
804504.27
922993.72
60507.86
622416.86
350940.76
431030.47
408454.88
548067.23
413554.94
969359.18
388067.96
530376.68
119922.16
299368.35
225594.68
599618.17
206883.83
853937.60
970407.98
820579.71
758649.94
362375.83
615502.71
967908.39
492944.92
429198.84
141343.46
634539.51
413128.09
354666.80
73884.68
562929.19
204718.44
710818.07
237464.91
880850.43
670027.48
778933.39
205729.39
552483.55
27581.89
403544.12
748057.85
918592.34
241377.96
795704.67
925270.19
580126.83
134877.46
33473.59
762300.25
909981.25
125813.61
243961.10
69113.07
778821.93
88268.38
165651.34
806094.93
488270.70
333798.68
366431.97
787496.97
293429.67
626443.58
851998.36
314902.68
265343.06
797262.99
97732.40
16343.95
102907.05
114761.59
370011.47
224205.98
212148.63
334083.96
895945.54
889255.59
911414.10
565589.60
198481.71
68225.82
651183.53
884487.09
631625.45
569610.21
749753.16
946504.03
979178.75
726439.23
579470.50
766352.95
789813.25
536771.18
506291.50
977497.61
387713.04
657578.54
35181.54
942180.46
752537.20
237608.92
958931.54
752159.37
550614.43
665035.58
644372.48
798619.94
50733.00
828706.63
2167.19
81275.63
736914.94
727988.58
463051.60
13762.03
186739.89
501970.11
579874.21
523628.47
414757.17
846025.27
217466.73
450141.80
142058.99
827296.90
899661.13
431756.46
109752.17
466978.61
322207.32
386885.92
